150 PA5-B-Debug-Output.txt
       111.3214      -131.8317        15.5130      -166.1757       105.2788        80.0208
     9.57     5.50   -24.95     9.57     5.50   -24.95    0.003
    24.44    10.54   -29.67    23.88    10.61   -29.70    0.569
     4.24    17.50    40.38     4.26    17.48    40.38    0.020
    31.26    23.76     5.86    31.21    24.17     5.88    0.418
   -29.16    -3.35   -41.03   -29.09    -3.43   -40.95    0.136
   -27.48   -32.14   -30.65   -27.39   -31.96   -30.59    0.208
    -8.65   -28.50   -18.45    -8.63   -28.54   -18.44    0.043
    15.45     2.88    48.40    15.37     2.95    48.35    0.116
   -26.00   -33.63   -26.69   -25.95   -33.23   -26.66    0.397
    -8.62    -0.61    40.20    -8.29    -0.67    40.21    0.326
     1.13    15.62    41.69     0.37    16.12    42.16    1.027
    10.25    -3.43    28.73    10.21    -3.05    28.72    0.381
    -5.23    12.52    13.42    -4.89    12.62    13.40    0.359
    -1.32    11.36    52.76    -1.63    11.53    52.85    0.366
     8.02    25.53     4.03     8.09    25.11     4.04    0.429
    -2.99     1.86   -31.09    -3.30     1.94   -31.02    0.330
   -41.12   -21.75   -11.95   -41.23   -21.94   -12.01    0.233
    -1.64   -19.59   -26.34    -2.06   -19.69   -26.24    0.452
     9.56    13.32    70.56     9.37    13.55    70.86    0.418
   -13.83   -17.49    -4.20   -13.92   -17.39    -4.31    0.170
    10.51   -17.19    -8.59    10.64   -17.03    -8.55    0.206
   -37.81   -12.49   -41.12   -37.79   -12.48   -41.05    0.070
    27.07    -9.00    -9.75    27.07    -8.99    -9.76    0.006
    20.05    15.71    41.50    19.67    15.83    41.43    0.399
    26.78    22.42   -35.95    26.68    22.40   -35.98    0.106
    20.68   -17.73   -13.87    20.64   -18.15   -14.03    0.451
    14.37     2.17    52.32    14.53     2.16    52.34    0.164
    23.16   -16.72    -7.09    24.41   -17.05    -7.08    1.296
     1.13   -12.68    -0.57     1.15   -12.42    -0.59    0.257
    36.97    20.18   -27.75    36.24    20.04   -27.14    0.960
   -16.62     6.97   -31.48   -16.62     6.96   -31.47    0.019
    -8.15    -2.84    56.28    -8.28    -2.86    56.29    0.128
    -8.65   -14.53   -41.33    -8.68   -14.42   -41.24    0.146
   -12.73   -27.51   -11.43   -12.66   -27.82   -11.24    0.373
    39.56    14.34   -27.25    40.12    15.19   -27.71    1.113
   -35.77    -2.70    -6.18   -35.76    -2.70    -6.16    0.016
    -5.69     5.29    27.99    -5.68     5.31    28.00    0.019
     0.15    15.84    38.65    -0.67    15.94    38.63    0.832
   -14.43   -30.71   -16.36   -14.40   -30.97   -16.27    0.284
    16.72     7.62    47.56    16.80     7.61    47.56    0.080
    43.41     3.91     3.70    44.24     4.21     3.62    0.887
    41.60    11.38   -22.74    41.83    11.54   -22.75    0.284
   -17.46    -3.92   -42.89   -17.34    -3.87   -42.94    0.140
   -31.40   -14.34    -2.08   -31.59   -14.04    -2.48    0.539
   -23.87     2.44   -38.83   -23.91     2.66   -39.10    0.353
   -35.65   -11.82   -41.88   -35.61   -11.81   -41.74    0.145
     6.39    24.77    11.04     6.47    24.49    11.01    0.291
    40.60    16.84   -12.05    40.06    16.31   -12.47    0.866
   -13.80     9.52   -27.65   -13.80     9.51   -27.65    0.011
    -0.95    11.76    56.57    -0.97    11.83    56.60    0.074
    -0.68   -11.36     5.78    -0.68   -10.99     5.84    0.378
   -24.96   -30.00   -34.93   -24.87   -29.65   -34.67    0.445
    -4.01   -22.99   -32.96    -3.98   -23.04   -32.55    0.407
    14.65   -17.60    -4.26    14.64   -17.31    -4.32    0.300
    -3.41    21.42    16.82    -3.58    21.67    16.69    0.329
    -0.45    -0.56   -29.12    -0.44    -0.55   -29.06    0.064
    21.71    20.30    26.51    21.90    20.04    26.43    0.329
    -5.11    -8.83   -35.47    -5.27    -8.98   -35.52    0.232
   -44.47    -7.73   -10.04   -44.33    -7.83   -10.12    0.196
    17.19    23.95   -14.27    16.65    23.51   -14.78    0.864
   -17.83    -5.84    -1.17   -17.70    -5.85    -1.38    0.239
    -0.33    -8.71    41.73    -0.04    -8.98    41.86    0.412
    25.88   -14.75    -7.65    25.28   -14.57    -7.76    0.635
   -14.81     4.25   -13.03   -15.00     4.31   -13.10    0.216
     6.56    -2.71    64.80     6.49    -2.70    64.76    0.080
    22.91    20.87   -20.56    22.75    21.01   -20.79    0.315
   -41.49   -12.22    -5.60   -41.62   -12.26    -5.48    0.182
    19.44    15.37    42.93    19.43    15.37    42.93    0.009
    43.83     2.10    -0.89    44.00     2.06    -1.04    0.229
     8.55     1.77   -26.55     8.53     1.85   -25.87    0.687
    13.90     3.95    66.49    12.49     4.20    65.88    1.557
    41.09    13.78    -3.79    40.68    12.66    -3.97    1.200
    -7.90     3.38    65.24    -8.37     3.31    65.40    0.501
   -24.38     9.18   -16.13   -24.41     9.07   -16.20    0.134
   -33.41   -10.35   -42.33   -33.91   -10.34   -42.87    0.740
    13.86    22.25    16.25    13.89    22.34    16.24    0.090
    35.60    20.51     6.17    36.00    20.80     6.36    0.530
    -6.51    -8.70    67.93    -6.51    -8.70    67.92    0.007
     5.12     6.22   -25.20     5.00     6.06   -24.77    0.478
   -43.99   -18.70   -19.64   -43.72   -18.38   -19.75    0.440
   -12.86   -11.86   -42.98   -13.55   -11.55   -42.83    0.768
    32.81    -4.04   -15.02    32.86    -4.25   -15.02    0.213
    42.65    -0.56   -11.37    41.80    -0.37   -11.24    0.884
     1.09     3.23   -28.29     0.29     3.25   -27.54    1.096
    39.14     2.97     9.74    39.26     2.86     9.81    0.181
    39.04    17.73    -1.56    38.58    17.50    -1.64    0.517
   -43.05   -19.92   -29.72   -43.33   -20.26   -29.76    0.434
    -8.60    -4.19    41.50    -8.49    -4.16    41.49    0.119
    22.70     3.81    19.64    23.14     3.67    19.91    0.540
   -42.81    -8.26    -6.35   -42.52    -8.47    -6.53    0.397
    -6.45   -21.59   -10.89    -6.46   -21.58   -10.91    0.024
    24.60    16.06   -27.26    24.74    16.00   -27.22    0.153
    -6.54     9.78    23.40    -7.38     9.79    23.34    0.842
   -29.66   -32.71   -18.53   -29.46   -31.75   -18.50    0.986
   -22.73   -33.52   -22.17   -22.75   -33.01   -22.24    0.513
   -45.24    -7.56   -36.18   -45.34    -7.45   -36.18    0.150
   -33.72   -29.93   -14.45   -33.83   -30.07   -14.45    0.188
     2.04    20.45     4.56     2.64    20.10     4.69    0.704
   -19.42   -32.35   -31.65   -19.34   -32.47   -31.80    0.201
    -4.02     8.37    15.54    -4.17     8.36    15.56    0.151
     5.05   -10.77   -24.07     5.15   -10.91   -24.13    0.182
     3.85   -13.73    -6.09     3.67   -14.16    -6.29    0.507
    15.29    12.56    52.60    15.25    12.56    52.60    0.037
   -21.58    -7.66    -2.50   -21.20    -7.81    -3.31    0.910
   -27.09     9.06   -15.35   -27.03     8.73   -15.39    0.340
    33.24    10.12   -36.86    32.79    10.39   -36.22    0.828
    10.57    11.56    70.93    10.55    11.58    70.84    0.093
    -6.07    -8.86    66.16    -6.12    -9.13    66.27    0.292
    14.65    -7.29     8.12    14.75    -7.15     8.25    0.219
    -6.69    10.36    30.40    -6.50    10.28    30.38    0.204
    17.62    10.80    44.76    17.41    10.84    44.73    0.219
    -2.76   -11.50   -32.63    -2.58   -11.12   -32.64    0.426
   -41.01   -19.13    -7.57   -41.19   -19.18    -7.53    0.189
    23.49    11.50    24.75    22.89    11.66    24.43    0.694
    32.38    21.63    12.41    32.28    21.59    12.40    0.110
    -1.29   -12.57    -3.20    -1.28   -12.48    -3.21    0.097
    -2.13     9.37    11.99    -2.27     9.32    11.79    0.245
   -22.08   -30.34   -12.10   -22.23   -31.43   -11.71    1.172
    40.63    -1.84   -11.56    40.49    -1.56   -11.56    0.314
   -36.14    -7.15    -3.51   -36.14    -7.09    -3.40    0.129
    34.92    26.15   -19.03    35.45    26.48   -18.98    0.622
    -6.51    -7.39    39.62    -6.38    -7.28    39.63    0.170
    -5.72     4.87    23.97    -5.16     4.71    23.94    0.586
    -5.66    -7.55   -39.07    -6.08    -7.71   -39.00    0.457
     9.13    22.80    19.76     9.05    22.32    19.58    0.525
   -29.41   -27.67   -36.73   -29.37   -27.42   -36.57    0.300
    -8.16   -26.05   -12.35    -7.97   -26.20   -12.19    0.296
     8.03    14.14   -12.75     8.30    13.83   -12.59    0.447
     7.14     7.93    69.58     7.26     8.13    69.11    0.526
   -16.94   -15.40    -2.59   -16.97   -15.46    -2.48    0.127
    16.20     5.69    49.41    16.50     5.62    49.44    0.316
    -5.35    13.99    29.02    -5.35    13.99    29.03    0.008
    43.50     5.32     1.24    44.26     5.44     1.33    0.778
    -9.52   -27.22   -31.78    -9.21   -27.16   -32.11    0.460
    41.00     0.03   -21.28    40.08     0.11   -20.77    1.050
    26.95    -7.25    11.65    27.00    -7.35    11.77    0.157
    -0.22    18.05     6.98    -0.09    17.86     6.95    0.230
    15.36    25.18   -12.72    15.92    25.10   -12.60    0.576
    26.92    11.02    18.19    27.02    10.99    18.26    0.130
    -7.52     3.40    67.88    -7.51     3.39    67.88    0.010
    11.73    13.59    65.63    12.18    13.68    65.68    0.459
   -11.82     5.88   -34.42   -11.92     5.81   -34.37    0.136
    -7.90   -28.43   -24.83    -7.78   -28.69   -24.93    0.308
   -14.64     6.56   -31.59   -14.63     6.60   -31.62    0.051
    -3.70     1.33    68.95    -3.97     1.11    68.54    0.534
    44.03     3.69   -10.23    43.75     3.76   -10.07    0.325
   -31.99   -18.09   -42.89   -32.42   -18.27   -43.38    0.674
    34.00    26.99   -22.34    34.25    27.71   -22.38    0.766
   -33.65   -20.79    -3.85   -33.93   -20.86    -3.69    0.326
   -26.79     8.24   -28.71   -26.95     8.60   -28.81    0.408
