inf
57.227
43.441
28.2002
24.0961
18.1132
16.0654
12.9901
13.218
13.5657
16.4779
13.621
12.0723
9.11008
7.94789
6.79305
5.09519
5.09522
4.38841
4.62322
3.34319
2.63312
1.89451
1.5144
1.08323
0.781677
0.574712
0.431623
0.419601
0.302121
0.220192
0.167413
0.123297
0.0913178
0.0890185
0.607217
0.90009
0.592921
0.396287
0.271195
0.189518
0.134789
0.0972005
0.0708226
0.051988
0.038361
0.0284068
0.0210862
0.0156772
0.011668
0.00869005
0.00647498
0.00482583
0.0035973
0.00268176
0.00199932
0.00149057
0.00111127
0.000828474
0.000617632
0.000460437
0.000343241
0.00025587
0.000190734
0.000142177
0.000105979
7.89962e-05
5.17238
3.46036
2.52425
1.84701
1.30029
0.931352
0.904291
0.985264
0.719126
0.584928
0.44428
0.403188
0.307707
0.233451
0.177098
0.134327
0.101869
0.0771485
0.058289
0.0440394
0.0332729
0.0251384
0.0189924
0.014349
0.0108408
0.00819035
0.00618787
0.00467499
0.00353199
0.00266845
0.00201604
0.00152314
0.00115075
0.000869404
0.000656847
0.000496258
0.000374931
0.000283267
0.000214014
0.000161692
0.000122162
9.22965e-05
0.259615
0.185192
0.180458
0.128717
0.0923477
0.0671884
0.0493701
0.0365365
0.0271815
0.0203026
0.0152117
0.0114255
0.00859908
0.00648267
0.00489404
0.00369917
0.00279894
0.00211973
0.00160664
0.00121863
0.000924924
0.000702423
0.000533735
0.000405761
0.000308613
0.000234824
0.00017875
0.000136116
0.000103688
7.90106e-05
