inf
65.3594
39.7577
23.9717
16.258
10.4115
6.24995
4.33119
2.51573
1.60203
0.887869
0.493554
0.509727
0.290428
0.227239
0.28317
0.192451
0.32424
0.339758
0.232259
0.160181
0.111159
0.0786475
0.0549315
0.0962245
0.0614016
0.0404079
0.0272418
0.0186709
0.0129528
0.00906295
0.00637853
0.00450706
0.0031932
0.00226643
0.00161061
0.00114554
0.000815245
0.000580442
0.000413403
0.000294512
0.000209858
0.000149565
0.000106612
7.60056e-05
7.10062
4.78338
3.31927
2.22548
1.48831
0.997001
0.686568
0.485934
0.37281
0.278535
0.21112
0.152733
0.111257
0.0814888
0.0597203
0.0438586
0.0322927
0.023828
0.0176145
0.0130424
0.00967112
0.00718095
0.00533874
0.00397398
0.0029616
0.00220968
0.00165056
0.00123431
0.000924069
0.00069258
0.000519657
0.000390337
0.000293519
0.000220952
0.000166502
0.000125601
9.48445e-05
0.636199
0.409858
0.308185
0.206076
0.141506
0.110167
0.0798055
0.0586326
0.0435739
0.0326539
0.0246173
0.0186381
0.0141577
0.0107479
0.0081754
0.0194614
0.0143119
0.0106963
0.00808333
0.00615356
0.00470665
0.00361081
0.00277544
0.00213598
0.00164519
0.00126787
0.000977482
0.000753828
0.000581487
0.000448638
0.000346202
0.000267199
0.000206255
0.000159234
0.00012295
9.49462e-05
0.141381
0.100171
0.0652785
0.0436807
0.0300148
0.0211306
0.0151827
0.0110872
0.0082408
0.00617285
0.00464815
0.00351237
0.00266041
0.00201836
0.001533
0.00116532
0.000886392
0.000674573
0.000513596
0.000391186
0.000298058
0.000227178
0.000173211
0.000132106
0.000100788
7.69193e-05
