inf
51.1953
37.5373
33.1072
28.1156
23.3973
18.1346
13.6621
9.8742
8.18151
6.30898
7.30764
5.37522
3.63703
3.71235
4.07234
4.05384
3.14601
2.85855
1.94033
1.32235
1.20523
0.831833
0.577455
0.40705
0.288782
0.201103
0.141095
0.0995576
0.0705753
0.0502284
0.0364136
0.0268138
0.0197879
0.0146273
0.0108265
0.00802132
0.0059477
0.0044129
0.0032758
0.00243268
0.00180714
0.0013428
0.000997989
0.000741848
0.000551526
0.00041008
0.000304939
0.000226775
0.000168657
0.000125442
9.33036e-05
6.73218
5.50204
4.61772
3.48019
2.6777
2.02886
1.53698
1.162
0.882385
0.773467
0.585407
0.446764
0.350082
0.269686
0.208576
0.161953
0.126166
0.0983512
0.0768205
0.060213
0.0473283
0.0372843
0.0294245
0.0232548
0.0183996
0.0145711
0.0115474
0.00915628
0.00726347
0.00576393
0.00457521
0.00363242
0.00288438
0.00229262
0.0018228
0.00144942
0.00115262
0.000916646
0.000729018
0.000579814
0.000461159
0.000366792
0.00029174
0.000232047
0.000184569
0.000146806
0.00011677
9.288e-05
0.900944
0.627718
0.51165
0.509865
0.391772
0.305177
0.272715
0.209879
0.16342
0.128118
0.100844
0.120471
0.0887275
0.0673699
0.052067
0.0406432
0.0319052
0.0251277
0.0198286
0.0156658
0.0123864
0.00979829
0.00775334
0.00613143
0.00485002
0.00383706
0.00303599
0.00240234
0.00190104
0.00150439
0.00119052
0.00094215
0.000745601
0.000590057
0.000466963
0.000369548
0.000292455
0.000231445
0.000183161
0.000144951
0.000114711
9.07801e-05
0.36525
0.246149
0.166669
0.123093
0.0843277
0.200309
0.184574
0.134206
0.099247
0.0742824
0.0561187
0.0427275
0.0327517
0.0252535
0.019572
0.0152357
0.0119043
0.0093301
0.00733115
0.00577234
0.0045525
0.00359517
0.0028421
0.00224862
0.00178021
0.00141008
0.00111734
0.000885639
0.000702149
0.000556776
0.000441561
0.000350226
0.000277805
0.000220374
0.000174823
0.000138693
0.000110033
8.72966e-05
0.108666
0.0734147
0.050451
0.0349886
0.0247999
0.0177535
0.0127789
0.00925073
0.00673773
0.00493974
0.00364688
0.00271196
0.00203158
0.00153295
0.00116478
0.000890802
0.000685319
0.000530026
0.000411817
0.000321237
0.000251418
0.000197321
0.000155218
0.000122327
9.65513e-05
0.181118
0.117537
0.078447
0.0548831
0.0397512
0.0294882
0.0222363
0.016964
0.0130545
0.0101142
0.00787886
0.00616476
0.00484102
0.00381271
0.00300999
0.00238083
0.00188606
0.00149593
0.00118763
0.000943587
0.000750132
0.000596615
0.000474685
0.000377779
0.00030072
0.00023942
0.000190639
0.000151812
0.000120901
9.62899e-05
