inf
42.4397
27.7702
19.5848
14.6328
10.3765
8.50714
6.28926
4.64205
3.73941
3.02179
2.52081
2.80044
2.76256
2.52039
1.95515
1.802
1.7532
1.4534
1.36442
1.04502
0.790814
0.622242
0.814007
0.629526
0.519353
0.394855
0.303224
0.231151
0.176496
0.134483
0.250974
0.176769
0.128016
0.094326
0.0701829
0.0525771
0.0395487
0.0298211
0.022526
0.0170361
0.0128949
0.00976609
0.00739955
0.00560815
0.00425134
0.00322328
0.00244408
0.00185337
0.00140551
0.0010659
0.000808364
0.00061306
0.000464944
0.000352612
0.00026742
0.000202809
0.000153808
0.000116645
8.84607e-05
8.26029
6.80287
5.52043
4.23421
3.92936
3.08938
3.25488
2.57585
1.81062
1.39108
1.09849
1.21522
0.921804
0.974475
0.658573
0.467888
0.320574
0.219642
0.151321
0.232099
0.159634
0.110329
0.0765529
0.0533182
0.0372113
0.0287712
0.0201141
0.0140755
0.00985896
0.0069157
0.004858
0.00341734
0.00240731
0.00169826
0.00119984
0.000849027
0.000601766
0.000427246
0.000303884
0.000216548
0.000154615
0.000110619
7.93088e-05
2.30227
1.67607
1.42506
1.07356
0.75421
0.563864
0.402356
0.296106
0.307488
0.208674
0.144468
0.101182
0.0713715
0.0506469
0.0360536
0.0309054
0.0222219
0.0159862
0.011511
0.00829743
0.00598845
0.00432841
0.00313403
0.00227397
0.00165399
0.00120651
0.000883032
0.000648752
0.000478683
0.000354883
0.000264467
0.000198176
0.000149357
0.000113225
8.63354e-05
0.459617
0.326356
0.225961
0.157814
0.120493
0.154387
0.0996451
0.066027
0.0446891
0.0307275
0.0213623
0.0149625
0.0105317
0.00743712
0.0052634
0.00373079
0.00264756
0.00188069
0.0363154
0.025685
0.0209362
0.0150861
0.010962
0.00802847
0.005924
0.00440202
0.00329266
0.00247793
0.00187524
0.00142632
0.00108977
0.000835971
0.000643524
0.000496886
0.000384666
0.000298457
0.00023201
0.000180647
0.000140846
0.00010994
8.58978e-05
0.0760221
0.0560153
0.0416896
0.0313608
0.0238047
0.0311277
0.0231831
0.0174176
0.0131734
0.0100166
0.00765017
0.00586516
0.00451174
0.00348097
0.00269283
0.00208809
0.00162258
0.00126323
0.000985107
0.00076935
0.000601627
0.000471004
0.000369109
0.000289508
0.000227246
0.00017849
0.000140275
0.000110295
8.67598e-05
0.164773
0.118529
0.0854139
0.0616575
0.0445866
0.0323002
0.0234438
0.0189242
0.013779
0.0100632
0.00737237
0.00541894
0.00399714
0.00295943
0.00219978
0.00164186
0.00123065
0.000926401
0.000700368
0.000531722
0.000405336
0.000310193
0.00023825
0.000183612
0.000141941
0.000110034
8.55115e-05
