inf
88.287
64.056
43.6416
29.8261
19.6818
14.3365
9.30033
6.57298
4.94866
3.25867
2.46921
1.85029
1.51608
1.13058
0.951571
0.620728
0.414452
0.278095
0.286002
0.46031
0.327103
0.26751
0.174426
0.115735
0.0777019
0.0526969
0.0360212
0.0610926
0.131581
0.0884758
0.0599474
0.0407974
0.0278387
0.0190291
0.0130235
0.00892239
0.00611834
0.00419933
0.00288493
0.00198396
0.00136589
0.000941547
0.000649936
0.00044934
0.000311196
0.00021594
0.000150161
0.000104665
7.31393e-05
3.41329
2.62386
2.32149
1.82772
1.52719
1.14373
1.05356
0.790387
0.690593
0.490696
0.380126
0.283977
0.245543
0.204792
0.179477
0.230715
0.205327
0.153782
0.116
0.0879517
0.0667559
0.0914973
0.0679815
0.0508679
0.118076
0.0839695
0.0607487
0.0444724
0.0328282
0.0247981
0.0184585
0.0137871
0.0103252
0.00774842
0.00582389
0.00438274
0.00330139
0.00248873
0.00187724
0.00141669
0.00106954
0.00080772
0.000610152
0.000461009
0.000348386
0.000263316
0.000199044
0.000150476
0.00011377
8.60241e-05
0.805714
0.51618
0.347904
0.264657
0.179197
0.327017
0.247043
0.178779
0.127358
0.0923897
0.0677922
0.0500261
0.0371092
0.0276301
0.0206292
0.015435
0.0115681
0.00868171
0.00652284
0.00490541
0.00369197
0.00278059
0.00209542
0.0015799
0.00119174
0.000899305
0.000678867
0.000512624
0.000387198
0.000292534
0.000221064
0.000167088
0.000126314
9.55051e-05
0.0243899
0.257074
0.176163
0.133206
0.0923942
0.0652337
0.0466513
0.0336806
0.0244926
0.0179116
0.0131573
0.00969943
0.00717099
0.00531416
0.00394578
0.00293449
0.00218536
0.00162935
0.001216
0.000908292
0.000678954
0.000507855
0.000380093
0.000284619
0.000213224
0.000159803
0.000119811
8.98562e-05
0.0671742
0.0457717
0.0314413
0.0217675
0.0220328
0.0145448
0.00971334
0.006547
0.00444728
0.00304173
0.00209337
0.00144898
0.00100833
0.000705212
0.000495532
0.000349731
0.000247851
0.000176334
0.000125913
9.02212e-05
