150 PA5-D-Debug-Output.txt
        -9.0568      -103.0229        58.5213       -94.5331         0.2313       114.4660
    36.79     3.12    13.85    36.74     3.11    13.79    0.072
    17.69   -11.66   -14.89    17.63   -11.61   -14.79    0.122
   -26.37   -32.84   -17.70   -26.30   -32.67   -17.75    0.187
     9.52    -9.90    11.03     9.18    -9.33    10.84    0.691
    15.74    28.12     6.92    15.74    28.10     6.92    0.024
   -14.12   -14.95    -2.21   -14.16   -14.90    -2.19    0.067
    39.81     4.11    -8.03    39.88     4.08    -8.05    0.069
    40.95     4.28    -5.53    41.32     4.12    -5.80    0.481
    -2.27    29.69    13.78    -2.36    29.29    13.87    0.417
    27.92    -1.75    21.16    27.88    -1.62    21.02    0.191
    21.68   -12.21    -3.58    21.67   -12.19    -3.61    0.039
    -1.86   -11.10    61.53    -1.89   -11.21    61.57    0.122
   -37.33    -0.19   -12.39   -37.33    -0.20   -12.40    0.020
    28.38    25.33     2.56    28.23    24.92     2.58    0.431
   -24.48   -17.74    -5.07   -24.45   -17.74    -5.03    0.046
    -4.59   -11.07    60.69    -4.59   -10.99    60.69    0.084
    23.33    27.87   -15.14    23.56    28.29   -15.06    0.488
    31.29    18.22   -27.38    31.33    18.20   -27.44    0.074
    15.02    14.25    60.77    15.16    14.65    61.02    0.492
    -3.52   -14.42    -2.08    -3.53   -14.36    -2.09    0.058
    31.59    24.13    -9.70    31.48    23.81    -9.71    0.344
    12.22    25.53    -7.99    12.22    25.53    -8.00    0.007
    25.25    -1.09   -27.69    25.24    -0.92   -27.53    0.227
     1.61    24.02    34.03     1.59    23.55    33.85    0.503
     4.14   -10.47    21.15     4.07   -10.17    21.09    0.312
    -0.17    12.76   -10.53     0.25    12.24   -10.34    0.692
     3.12   -14.54     1.12     2.97   -14.52     1.25    0.195
   -30.22   -24.77    -5.63   -30.28   -24.75    -5.53    0.116
    -4.36   -13.13     6.98    -4.46   -13.45     6.94    0.338
    -7.87    16.17    16.16    -8.00    16.17    16.21    0.147
   -42.29   -12.10   -10.04   -42.01   -12.07   -10.20    0.314
    31.48    -6.73   -11.71    31.56    -7.03   -11.69    0.307
    -6.60     3.28    47.83    -7.25     3.90    47.95    0.907
    19.47    21.78    27.06    19.39    21.25    27.03    0.536
   -40.10   -13.08    -8.35   -40.09   -13.08    -8.37    0.024
   -29.03   -19.98   -43.15   -29.17   -20.16   -43.76    0.647
    -4.18   -11.67    23.01    -4.15   -11.38    22.96    0.298
    13.45     5.30    61.48    13.35     5.25    61.78    0.315
    30.24    12.72   -32.42    30.34    12.84   -32.50    0.177
    22.36    -7.25    10.41    22.35    -7.39    10.41    0.143
    21.91     9.61    46.68    21.38     9.38    46.57    0.595
    12.00    28.39     9.63    12.00    28.35     9.62    0.048
    23.68    25.70     7.78    23.76    25.91     7.81    0.218
   -34.95     3.02   -12.92   -34.91     2.95   -12.98    0.102
   -38.64   -22.01   -10.03   -38.67   -22.04    -9.99    0.060
    -2.44   -12.00   -26.11    -2.35   -12.31   -26.20    0.344
    26.52    14.63    29.93    26.33    14.64    29.87    0.198
    32.11    -6.71   -16.00    32.22    -7.14   -15.97    0.444
    -9.08    20.01    14.66    -9.12    20.07    14.65    0.069
    -4.38   -11.28    51.92    -4.31   -11.13    51.92    0.163
   -10.41     5.82    -2.92    -9.98     5.55    -2.81    0.519
   -25.73     8.77   -21.96   -25.73     8.92   -21.95    0.147
    22.52     1.08    38.27    22.89     1.09    38.34    0.384
    33.90     4.87   -24.96    33.41     5.20   -24.70    0.644
    13.46    -7.57    16.01    12.72    -7.46    15.45    0.935
    18.57    12.41    54.83    18.65    12.47    54.84    0.101
    -0.06    -8.35    62.77    -0.06    -8.36    62.44    0.336
    24.82    12.88    36.28    24.86    12.85    36.30    0.067
   -33.30   -21.05   -40.80   -33.50   -21.22   -40.98    0.318
   -33.44   -30.95   -21.63   -33.32   -30.67   -21.65    0.308
    -2.96    11.45    -9.16    -3.00    11.65    -9.20    0.216
    -0.82   -15.03   -15.02    -0.82   -15.01   -15.01    0.025
   -17.90    -4.04   -42.60   -17.95    -4.07   -42.45    0.158
    13.25    14.29    62.71    13.32    14.40    62.83    0.176
   -11.80   -15.47    -3.73   -11.86   -15.59    -3.67    0.150
    27.52    21.01    21.71    27.25    20.84    21.51    0.374
    -2.81   -17.15   -22.18    -2.68   -17.15   -22.09    0.155
   -29.35     5.67   -14.10   -29.34     5.67   -14.09    0.018
     0.66   -10.17   -24.76     0.70   -10.23   -24.82    0.096
     3.61    -9.96    49.19     3.79   -10.18    49.19    0.285
    42.68     2.42     1.73    42.96     2.54     1.77    0.302
   -42.75    -5.50   -33.46   -42.78    -5.47   -33.46    0.037
    -4.08   -12.43    13.75    -4.15   -12.73    13.78    0.308
   -11.49   -29.46   -31.75   -11.45   -29.63   -31.82    0.190
    14.29    10.86    63.26    14.24    11.06    62.76    0.540
   -16.42     8.24   -30.35   -16.43     8.26   -30.36    0.028
   -19.78   -20.85    -6.03   -19.78   -20.87    -6.17    0.146
   -36.68     1.48   -12.92   -36.60     1.51   -13.04    0.149
   -27.66   -21.56   -43.21   -27.75   -21.69   -43.59    0.413
    -1.67    26.97    25.47    -1.57    26.74    25.36    0.272
   -43.51   -12.81   -30.16   -43.37   -12.75   -30.15    0.150
   -19.70   -32.46   -32.05   -19.70   -32.40   -31.99    0.088
    19.64    -4.48   -22.72    19.73    -4.45   -22.55    0.198
    19.49    14.68    47.32    19.55    14.72    47.34    0.071
    25.71    12.90   -33.45    25.71    12.89   -33.45    0.013
   -30.81   -30.81   -30.92   -30.76   -30.70   -30.91    0.118
   -23.91     8.11   -25.94   -23.97     8.26   -25.97    0.155
     9.43    -9.34    15.19     9.29    -8.89    15.16    0.471
    -4.88     8.40    50.14    -4.71     8.25    50.25    0.255
    22.36   -11.64    -2.79    22.22   -11.81    -2.70    0.244
    30.79     0.40    19.28    30.93     0.36    19.39    0.187
    26.33   -12.15   -12.46    26.20   -11.95   -12.38    0.245
   -24.50   -30.90   -34.31   -24.50   -30.87   -34.29    0.037
    19.13   -10.31     1.43    19.01   -10.17     1.36    0.196
    -8.51     4.66    19.63    -8.02     4.42    19.58    0.548
    -8.24    18.00    13.14    -7.91    18.37    13.43    0.572
    24.26    -0.96    27.62    25.28    -1.35    27.87    1.119
    19.97    23.03   -32.57    19.92    23.03   -32.64    0.088
   -21.29     8.20   -28.98   -21.30     8.28   -29.06    0.118
   -15.64     4.53   -13.22   -15.64     4.49   -13.25    0.051
    36.47    -2.70    15.20    36.44    -2.70    15.16    0.052
    39.84    10.47    -3.45    39.75    10.37    -3.46    0.138
    19.01    -8.95     4.68    18.97    -8.73     4.62    0.230
     8.67    -8.01    31.35     8.77    -8.23    31.37    0.247
    19.21    15.07   -24.92    19.08    15.14   -24.90    0.147
    -3.63     2.12   -26.57    -3.29     2.09   -26.66    0.354
     3.43   -10.03    47.63     3.45   -10.07    47.62    0.047
    25.56    18.30   -31.27    25.58    18.29   -31.28    0.030
    -4.90    29.55    14.09    -4.80    29.95    13.83    0.487
    38.87     1.18    12.67    38.71     1.31    12.76    0.222
    38.71    10.20   -16.08    38.84    10.28   -16.08    0.153
   -25.68   -15.19   -44.49   -25.74   -15.19   -45.08    0.592
    -2.07    29.91    16.44    -2.08    29.86    16.45    0.048
    36.71    15.12   -20.32    36.65    15.11   -20.32    0.056
    17.29    -3.43    41.44    17.25    -3.38    41.43    0.059
    -4.36     9.40    60.92    -4.25     9.32    60.76    0.212
   -12.03     1.02     7.65   -12.28     1.11     7.70    0.268
     9.63    18.05   -11.89     9.58    18.12   -11.93    0.092
    33.98    20.10   -24.86    33.77    19.96   -24.72    0.289
   -44.18    -9.23   -13.70   -44.44    -9.22   -13.53    0.313
    25.86     1.00    25.71    26.32     0.87    25.90    0.513
    21.19    24.88   -32.06    21.16    24.89   -32.04    0.037
    -6.02     7.00    58.93    -6.72     7.36    58.92    0.793
    26.15    26.69    -1.14    25.91    26.37    -1.15    0.400
    -5.53   -10.30    48.84    -5.64   -10.48    48.86    0.214
    -3.53    10.96    53.44    -3.49    10.93    53.45    0.054
   -45.11   -14.44   -18.45   -44.56   -14.19   -18.57    0.620
   -14.54     7.40   -22.38   -14.63     7.09   -22.41    0.331
   -34.28   -30.11   -18.81   -34.22   -29.99   -18.85    0.144
   -32.57     3.94   -32.54   -32.53     3.88   -32.48    0.100
    -0.07    28.40    23.42    -0.07    28.19    23.32    0.234
    25.04    21.53    24.99    25.04    21.49    24.99    0.042
   -38.34    -0.53   -32.43   -38.13    -0.62   -32.36    0.240
     9.94    28.95     6.78     9.99    29.05     6.80    0.115
    -0.90    27.90    23.96    -0.82    27.77    23.88    0.175
    -7.16    -8.54    36.34    -6.88    -8.36    36.31    0.338
     3.59   -10.40    22.79     3.55   -10.17    22.79    0.231
    15.68    -2.99    57.68    15.30    -2.72    57.64    0.463
   -41.02    -4.98   -34.84   -41.40    -4.63   -34.72    0.529
   -15.80   -23.88    -7.18   -15.79   -23.88    -7.17    0.015
     2.82    29.44    18.61     2.80    29.59    18.59    0.158
    25.29   -14.28    -9.81    25.04   -14.14    -9.69    0.315
   -30.66   -19.76    -6.02   -30.75   -19.68    -5.08    0.945
    10.83    -5.13   -22.43    10.78    -5.11   -22.06    0.380
   -12.05   -11.32     8.96   -11.65   -10.81     8.62    0.736
   -27.32   -33.77   -23.69   -27.15   -33.34   -23.69    0.464
   -44.89   -11.77   -15.03   -44.81   -11.73   -15.08    0.100
    15.21    12.93    62.84    15.27    13.04    62.95    0.169
    35.95    -3.07   -18.43    36.59    -3.06   -18.51    0.649
    19.84    16.45   -29.04    19.70    16.31   -29.17    0.238
