inf
55.8704
40.124
29.0175
19.8775
13.8218
11.1366
8.78813
6.80815
5.7824
4.17592
3.14444
2.30783
2.27939
2.18839
2.03406
1.9227
1.38609
0.987921
0.71633
0.525085
0.388024
0.288183
0.214837
0.161801
0.12242
0.0927426
0.069934
0.0527794
0.0398574
0.510659
0.282345
0.87892
0.517374
0.318341
0.561354
0.618474
0.431885
0.308568
0.222783
0.229362
0.165421
0.120457
0.0894775
0.0671412
0.0504113
0.0378644
0.0284475
0.0213764
0.016065
0.0120791
0.00909636
0.00685111
0.00516064
0.00388766
0.00292892
0.00220678
0.0016628
0.00125298
0.000944215
0.000711569
0.000536267
0.000404166
0.000304617
0.000229594
0.000173053
0.000130439
9.83204e-05
9.7028
5.80946
4.0968
2.87047
2.14295
1.52787
1.05426
0.866382
0.671942
0.507618
0.390515
0.303996
0.238668
0.188209
0.148927
0.118172
0.200522
0.145923
0.166246
0.12926
0.147355
0.112458
0.0869076
0.067785
0.0532305
0.0420111
0.12706
0.0974975
0.0760575
0.0598559
0.0473323
0.0375346
0.0298194
0.0237211
0.0188894
0.015055
0.0120081
0.130288
0.0941631
0.069599
0.0520761
0.0392568
0.029743
0.022621
0.0190184
0.0145335
0.0111433
0.00856706
0.00660127
0.00509619
0.00394059
0.00305119
0.00236528
0.0018354
0.00142543
0.00110785
0.00086157
0.000670404
0.000521902
0.000406465
0.000316677
0.000246803
0.000192404
0.000150035
0.000117025
9.12986e-05
1.00836
0.687601
0.472037
0.352869
0.255053
0.188793
0.141299
0.106784
0.0814207
0.183909
0.131815
0.0991581
0.0767904
0.0604915
0.0481418
0.0385573
0.0310078
0.0250049
0.0202022
0.0163437
0.013235
0.0107253
0.00869612
0.00705376
0.00572338
0.00464506
0.00377063
0.00306129
0.00248569
0.00201853
0.00163929
0.00133139
0.00108138
0.000878359
0.000713479
0.000579567
0.000470801
0.000382455
0.000310694
0.000252401
0.000205048
0.000166581
0.000135331
0.000109945
8.93215e-05
0.232301
0.168857
0.127754
0.0991983
0.11958
0.094453
0.0752106
0.14142
0.101651
0.0745942
0.055694
0.0421966
0.0323732
0.0251037
0.0693999
0.0469185
0.0340705
0.0259377
0.0202244
0.015949
0.0126443
0.01005
0.0079984
0.00637022
0.0050757
0.00404544
0.00322502
0.00257145
0.00205065
0.00163555
0.00130463
0.00104079
0.000830393
0.000662591
0.000528744
0.000421969
0.000336782
0.000268811
0.000214571
0.000171286
0.00013674
0.000109167
8.71572e-05
0.165287
0.118682
0.0884649
0.0676564
0.0526063
0.041331
0.0326837
0.0259518
0.020661
0.0164777
0.0131571
0.0105145
0.00840772
0.00672611
0.00538267
0.00430871
0.00344975
0.0027625
0.00221247
0.00177216
0.00141961
0.00113729
0.000911185
0.000730074
0.000584993
0.000468764
0.000375644
0.000301033
0.000241249
0.000193343
0.000154954
0.000124191
9.95367e-05
