150 PA5-C-Debug-Output.txt
       -17.6784        85.7487       -60.2054      -110.4010      -113.9631        15.7755
     4.93    -7.88    50.24     4.92    -8.00    50.24    0.119
   -38.81   -13.10   -38.55   -38.81   -13.10   -38.55    0.008
   -17.15   -34.73   -23.10   -17.16   -34.66   -23.10    0.079
    12.11   -14.84   -17.11    12.10   -15.00   -17.16    0.159
    -2.49    -1.29    43.80    -2.28    -1.20    43.77    0.221
   -26.72    11.88   -27.55   -26.71    11.87   -27.55    0.020
   -14.01    -4.95   -50.29   -14.19    -5.12   -50.06    0.333
    15.34    21.69    32.34    15.29    21.66    32.22    0.132
   -12.13    23.88    32.38   -12.33    23.91    32.40    0.200
    -6.63   -17.88    -8.38    -6.75   -17.79    -8.70    0.353
   -13.74    -3.08   -49.01   -14.00    -3.30   -48.68    0.476
    29.34   -10.62   -18.35    29.30   -10.57   -18.32    0.071
     0.86   -16.03    -3.48     0.89   -16.12    -3.41    0.113
     3.12    -8.09    52.07     3.13    -7.86    52.07    0.231
    10.66    23.53    35.51    10.85    23.78    35.56    0.315
    -0.37    22.98    47.38    -0.30    22.80    47.22    0.252
     1.49    -7.31    63.59     1.49    -7.32    63.69    0.103
    12.64    24.80    30.49    12.66    24.83    30.50    0.039
   -38.23   -19.81   -14.05   -38.13   -19.76   -14.10    0.120
    -1.72    10.72    36.45    -1.91    10.67    36.46    0.200
    -2.84    -2.40    34.30    -2.98    -2.47    34.34    0.162
     0.40   -20.11   -35.28     0.90   -20.22   -35.43    0.538
    12.47    28.42     0.43    12.53    28.02     0.42    0.401
   -23.10     6.35   -17.13   -23.25     6.54   -16.98    0.282
    28.06     6.77   -29.81    27.84     6.79   -29.65    0.277
    17.52    -5.77    18.35    17.60    -5.93    18.37    0.183
     9.56    21.20   -13.73    10.11    21.51   -13.72    0.628
    -4.78     0.07    28.39    -4.74     0.05    28.38    0.052
     9.00    23.62    -2.49     8.99    23.62    -2.49    0.005
    12.43    28.66     1.89    12.52    27.99     1.87    0.682
   -20.01    11.41   -38.55   -20.01    11.49   -38.62    0.099
   -41.29    -0.74   -28.29   -41.15    -0.83   -28.33    0.173
     1.79    -6.60    63.61     1.79    -6.60    63.68    0.071
     7.98     8.74    63.99     7.97     8.74    63.98    0.014
     9.99    11.62   -12.10     9.97    11.40   -12.00    0.247
     2.02    -7.33    43.08     2.10    -7.12    43.11    0.227
   -26.21    11.74   -26.11   -26.25    11.82   -26.08    0.093
    34.43     1.08   -13.00    34.44     1.08   -13.00    0.006
     1.43    -5.21   -25.19     1.65    -5.26   -25.84    0.693
    18.75    25.33   -22.38    18.62    25.21   -22.39    0.182
    31.06    10.25   -24.06    30.88    10.22   -24.09    0.184
     9.24    21.74    44.13     9.61    20.94    44.22    0.890
    21.57     6.54    34.66    21.87     6.54    34.66    0.298
   -22.72   -34.32   -20.65   -22.54   -34.91   -20.57    0.620
    36.24     3.54    -4.23    36.22     3.56    -4.22    0.029
    31.49    -4.38   -13.90    31.44    -4.34   -13.88    0.062
    10.61    28.98    11.31    10.61    28.98    11.31    0.005
   -30.14   -31.14   -18.76   -30.21   -31.20   -18.67    0.129
     6.49     4.49   -18.46     6.47     4.51   -18.52    0.065
   -17.92   -17.64   -50.34   -17.94   -17.49   -50.04    0.330
     9.94    -8.76    11.27     9.93    -8.68    11.26    0.090
   -26.29   -30.49   -13.81   -26.33   -31.16   -13.56    0.708
     2.54    29.35    18.69     2.53    29.29    18.71    0.057
    -1.72    -3.72    34.68    -1.80    -3.77    34.68    0.097
    23.36   -14.96   -18.56    23.16   -15.50   -18.58    0.582
     9.25    -6.78    42.45     9.21    -6.57    42.44    0.218
    12.37    24.98    30.60    12.36    24.95    30.59    0.029
    35.62     1.35    -1.10    35.84     1.56    -0.95    0.339
     8.85    19.63    -4.54     8.87    19.62    -4.51    0.045
   -30.34   -30.68   -17.82   -30.28   -30.92   -17.74    0.261
    -8.81    20.61    24.28    -8.72    20.72    24.37    0.168
   -30.13     6.11   -38.21   -30.21     6.20   -38.37    0.205
     1.10    -8.81    21.08     1.11    -8.90    21.10    0.093
     0.74    17.04    56.06     0.79    16.98    56.02    0.093
    30.99    16.77   -13.40    31.18    16.85   -13.36    0.207
   -32.91   -27.80   -16.41   -33.03   -28.03   -16.28    0.298
   -25.69   -31.42   -38.03   -25.73   -31.53   -38.17    0.177
   -11.52   -25.18   -10.31   -11.45   -25.20   -10.16    0.171
    12.37    24.44    32.06    12.37    24.40    32.07    0.035
    -4.53     9.53    -6.79    -4.33     8.59    -6.84    0.957
   -37.65   -13.81   -40.65   -37.85   -13.70   -40.66    0.226
    24.22    11.46    24.65    24.29    11.47    24.66    0.073
     3.27   -17.89    -9.06     3.92   -18.47    -8.90    0.888
   -16.66    -2.81    -1.69   -16.66    -2.81    -1.69    0.010
   -31.61   -14.02    -7.33   -31.54   -14.01    -7.67    0.348
     8.68    -1.79   -24.19     8.66    -1.70   -24.33    0.169
    24.19     1.04    16.76    24.48     0.89    16.90    0.352
    -3.83     2.37    57.39    -3.80     2.38    57.39    0.035
    -3.81    11.91     9.97    -3.72    11.82    10.00    0.128
    -3.54     2.70    61.57    -3.87     2.61    61.59    0.347
    12.14    -5.71    57.15    12.33    -6.02    57.21    0.364
    13.37     8.87   -21.66    13.22     8.96   -21.70    0.172
    19.01    19.69    40.59    18.95    19.65    40.58    0.076
     1.24    17.44     8.38     0.83    17.58     8.08    0.523
    32.34     6.77   -19.86    32.52     6.74   -19.88    0.177
   -27.69     7.03   -39.26   -27.70     7.04   -39.29    0.037
     7.82     8.34    64.34     7.76     8.32    64.28    0.087
    13.05    22.30    34.06    13.11    22.36    34.09    0.092
   -14.26   -23.31   -48.29   -14.33   -23.46   -48.69    0.434
    -4.92    30.03    36.91    -4.96    30.15    36.98    0.138
    11.39    -6.08    45.26    11.12    -6.78    45.39    0.763
    -4.34    -1.88   -37.85    -4.20    -1.83   -37.91    0.157
    30.04    -7.33   -19.77    29.86    -7.24   -19.70    0.217
     6.50    28.50    22.27     6.43    28.38    22.23    0.142
   -21.70   -32.99   -16.67   -21.60   -33.15   -16.58    0.206
     9.01    23.30    -3.47     9.03    23.30    -3.47    0.015
   -14.83   -34.49   -32.52   -14.49   -34.16   -32.50    0.481
    11.04    13.44   -11.12    11.53    13.39   -11.02    0.497
    -4.60   -16.49    -5.59    -4.59   -16.65    -5.55    0.172
     2.38    20.49    52.46     2.33    20.63    52.46    0.141
    -2.67    12.04    30.79    -2.43    12.12    30.80    0.260
    -9.36     8.79   -13.87    -9.27     8.53   -13.90    0.275
   -43.90    -8.02   -19.93   -43.64    -8.04   -19.89    0.267
    11.28    29.06    11.04    11.30    29.11    11.04    0.058
    32.42     0.95     6.11    32.44     0.94     6.13    0.034
   -27.35     7.15   -39.42   -27.34     7.15   -39.43    0.010
    -6.78    18.17    25.06    -6.76    18.18    25.07    0.026
   -34.22     6.33   -29.74   -34.18     6.29   -29.73    0.063
     0.57    -8.77    21.85     0.57    -8.73    21.84    0.042
    -2.03    13.19     7.99    -2.10    13.24     7.95    0.100
    -6.48    -1.55    22.45    -6.07    -1.46    22.39    0.429
    -2.65    10.01   -14.23    -2.33     9.29   -14.27    0.790
     3.03    19.34     6.83     2.75    19.43     6.66    0.341
     0.25    13.96     3.86     0.19    14.09     3.84    0.136
     7.47     3.32    64.09     7.53     3.32    64.11    0.056
     5.87   -16.69    -5.46     5.77   -17.53    -5.39    0.849
   -17.21   -31.35   -14.57   -17.28   -31.05   -14.78    0.370
   -17.22    12.90   -35.43   -17.22    12.94   -35.49    0.074
   -23.81   -12.93   -50.45   -23.80   -12.93   -50.46    0.014
    11.50     2.70   -24.60    12.17     2.12   -24.42    0.907
    11.65    -6.76    20.14    11.52    -7.88    20.17    1.129
    -9.72    10.73   -21.79    -9.67    10.49   -21.86    0.254
    16.80    -5.26    21.36    16.99    -5.65    21.49    0.445
    13.47    10.93   -21.49    13.45    10.93   -21.50    0.022
    12.40     3.64   -25.20    12.90     3.59   -24.92    0.573
   -15.19   -17.14   -51.15   -15.26   -17.24   -51.31    0.195
   -32.79     4.78   -37.75   -32.82     5.06   -37.86    0.300
   -12.57   -16.19    -5.83   -12.58   -16.01    -6.07    0.303
    -6.41     9.75   -15.68    -6.44     9.19   -15.65    0.561
   -31.07   -20.57   -45.31   -31.00   -20.55   -45.26    0.094
    -2.71     4.21    46.60    -2.22     4.14    46.70    0.505
    18.10    26.05   -22.20    17.93    25.70   -22.22    0.387
   -11.52    -7.03     3.36   -11.41    -6.95     3.22    0.197
    16.24    -7.83   -28.42    16.17    -7.84   -28.51    0.107
   -13.13   -17.71    -7.35   -13.14   -17.63    -7.43    0.115
    12.44     1.47    63.30    12.34     1.46    63.55    0.271
     3.20     2.82    64.03     3.12     2.72    64.34    0.334
     7.59     6.72    64.55     7.53     6.78    64.49    0.102
    14.70    28.87    -1.83    14.78    28.57    -1.85    0.303
     0.38    -7.24    51.41     0.47    -7.14    51.41    0.136
   -14.73   -34.48   -32.58   -14.45   -34.19   -32.57    0.402
   -34.86   -10.72    -9.23   -34.96   -10.59    -8.74    0.517
     0.91   -16.18   -31.56     1.10   -15.83   -31.54    0.402
    16.36   -16.38   -14.64    16.36   -16.37   -14.63    0.020
     2.31    -7.98    25.35     2.32    -8.00    25.36    0.028
    12.10     2.66   -25.52    12.56     2.27   -25.40    0.613
   -12.83   -18.36    -7.84   -12.84   -18.34    -7.89    0.061
   -11.35   -33.37   -22.57   -11.14   -33.74   -22.44    0.445
    -8.53   -17.73    -7.93    -8.54   -17.82    -7.83    0.129
    20.89    -2.50    19.25    21.36    -2.89    19.42    0.633
