inf
52.7409
38.3636
29.7563
22.422
18.4716
14.4761
11.9649
8.47653
5.4961
4.87133
3.36222
2.18636
1.40275
0.862377
0.613298
0.390965
0.250697
0.161152
0.516171
0.324076
0.212888
1.24782
0.834908
0.595365
0.397839
0.268207
0.182163
0.128783
0.0891185
0.108678
0.345714
0.229552
0.15355
0.103462
0.0701731
0.0479097
0.0329238
0.0227627
0.0158291
0.0111037
0.00783245
0.00555013
0.00394908
0.00282025
0.00202065
0.00145187
0.00104576
0.000754835
0.000545825
0.00039529
0.000286639
0.000208075
0.00015118
0.000109924
7.99765e-05
7.91073
5.19338
3.525
2.65856
1.92418
1.422
1.08076
0.812358
0.617757
0.475589
0.455812
0.3736
0.295685
0.24103
0.193096
0.154979
0.135537
0.108707
0.087333
0.0702485
0.0654219
0.0523222
0.0420318
0.0338461
0.0272902
0.0220203
0.0177757
0.0143531
0.0115915
0.00936233
0.00756256
0.00610919
0.00493541
0.00398732
0.00322149
0.00260283
0.00210304
0.00169925
0.00137302
0.00110944
0.000896474
0.000724396
0.000585355
0.000473006
0.000382224
0.000308867
0.00024959
0.000201691
0.000162985
0.000131707
0.000106432
8.60078e-05
0.696347
0.447982
0.295203
0.199972
0.139531
0.100071
0.0751969
0.056737
0.0435264
0.0338098
0.0265034
0.0209384
0.0166276
0.0132523
0.0105918
0.00848415
0.00680807
0.00547117
0.00440224
0.00354584
0.00285858
0.00230627
0.00186188
0.00150396
0.00121543
0.000982662
0.000794753
0.000642975
0.00052032
0.000421159
0.000340964
0.000276086
0.000223586
0.000181093
0.000146692
0.000118837
9.628e-05
