inf
54.9875
50.9461
39.7453
35.679
31.6178
25.5039
18.833
14.9526
11.9422
9.50044
7.73775
7.62632
5.8993
4.27126
3.25374
2.50829
2.79037
2.43288
1.93206
1.71815
1.28961
1.23208
0.954851
0.752282
0.585872
0.665923
0.496761
0.380796
0.301721
0.241511
0.192587
0.153938
0.123351
0.0989874
0.0795257
0.0640365
0.0515814
0.0415573
0.0336447
0.0272639
0.0220977
0.0179128
0.0145216
0.0117731
0.00954514
0.00773905
0.00627482
0.00508771
0.00412523
0.00334485
0.00271212
0.0021991
0.00178312
0.00144583
0.00117235
0.0009506
0.000770794
0.000625
0.000506783
0.000410927
0.000333202
0.000270178
0.000219075
0.000177639
0.000144039
0.000116795
9.47041e-05
5.31591
3.73278
2.73399
1.94946
1.47255
1.06691
0.755214
0.563406
0.403735
0.291107
0.211178
0.154114
0.113129
0.0835116
0.0619786
0.0462281
0.0346389
0.0260633
0.0196837
0.0149145
0.0113332
0.00863319
0.00659043
0.00504017
0.00386056
0.00296093
0.00227352
0.00174739
0.00134415
0.00103473
0.000797065
0.000614365
0.000473814
0.00036562
0.000282288
0.000218072
0.000168564
0.000130379
0.000100913
7.81656e-05
0.666526
0.488394
0.36342
0.27296
0.206254
0.156663
0.119521
0.0915406
0.0703606
0.0542606
0.0425093
0.0535676
0.0398953
0.0300209
0.022774
0.01739
0.0133513
0.0102983
0.00797573
0.00619919
0.00483403
0.00378073
0.00801219
0.0064335
0.00518279
0.00418349
0.0033811
0.0027349
0.00221346
0.00179216
0.00145147
0.00117579
0.000952616
0.000771894
0.000625513
0.000506925
0.000410842
0.000332984
0.00026989
0.000218756
0.000177315
0.000143726
0.000116502
9.44363e-05
0.27577
0.175532
0.113622
0.0748626
0.0501268
0.0341305
0.02366
0.0167189
0.0120507
0.00885783
0.00663176
0.00504699
0.00389453
0.00303932
0.0023931
0.00189725
0.00151198
0.00120968
0.000970652
0.000780565
0.000628734
0.000507061
0.000409315
0.000330644
0.000267237
0.000216079
0.000174769
0.000141392
0.000114411
9.25921e-05
