inf
81.0026
67.4771
49.4666
37.1988
25.0451
21.1683
16.5118
14.3731
13.3281
11.5709
11.1298
9.35953
7.4313
6.15596
5.28961
5.24638
4.33923
4.45078
4.22392
4.59883
4.62714
3.83418
2.53692
2.43519
2.02655
3.08659
2.56689
2.54528
1.99618
1.49591
1.26374
0.734422
0.43144
0.257759
0.155594
0.0949981
0.0585062
0.0362991
0.0226616
0.0142212
0.0165318
0.00991663
0.00602628
0.00369518
0.00228079
0.00141503
0.000881586
0.000551176
0.00034564
0.000217288
0.000136771
8.62561e-05
23.2985
17.4944
13.1746
11.5149
9.68386
7.38041
5.85158
4.60563
3.55898
3.19976
2.41455
2.55548
1.91472
1.38646
1.07696
1.27861
1.13768
0.826847
0.742371
0.553945
0.421632
0.486503
0.384396
0.490687
0.363713
0.265814
0.199903
0.15553
0.112533
0.0815022
0.0593499
0.0435191
0.0319709
0.0235088
0.0172989
0.0127366
0.00938172
0.00691302
0.0050954
0.00375657
0.00277006
0.00204294
0.00150689
0.0112806
0.00725563
0.00483033
0.00330157
0.00230048
0.00162524
0.00115965
0.000833419
0.000602146
0.000436768
0.00031775
0.000231684
0.000169221
0.000123762
9.06093e-05
3.26414
2.19884
1.64886
1.21521
0.900102
0.758257
0.775907
0.821913
0.834989
0.61701
0.561503
0.524747
0.438737
0.349967
0.270153
0.255662
0.199112
0.231642
0.169313
0.130427
0.121715
0.133865
0.162496
0.126692
0.100584
0.0788122
0.0617834
0.0484201
0.0379696
0.0297883
0.0233783
0.0181687
0.0141017
0.010947
0.00849882
0.00659862
0.0051235
0.00397827
0.0030891
0.0023987
0.00186263
0.00144638
0.00112316
0.000872181
0.000677288
0.000525948
0.000408428
0.000317168
0.000246301
0.000191269
0.000148534
0.000115347
8.95759e-05
0.582956
0.380482
0.270554
0.314092
0.20713
0.139825
0.0964339
0.0770966
0.0565559
0.0416893
0.0876205
0.0669098
0.0513863
0.0547218
0.041981
0.0322779
0.0248541
0.0191572
0.0147531
0.0113331
0.00870934
0.00669506
0.00514787
0.00395899
0.00304518
0.00234262
0.00180237
0.00138686
0.00106724
0.000821353
0.000632168
0.000486593
0.000374566
0.000288348
0.000221987
0.000170907
0.000131587
0.000101318
7.80139e-05
0.231688
0.138498
0.0846018
0.0530853
0.0341902
0.0225786
0.0152488
0.0104959
0.00733599
0.00518913
0.00370424
0.00266256
0.00192378
0.00139544
0.00101522
0.000740309
0.000540821
0.000395668
0.000289826
0.000212518
0.000155976
0.000114574
8.42279e-05
