inf
28.6457
21.5403
15.9871
12.3702
9.39374
7.66688
5.98407
4.80006
3.73049
3.33819
2.42231
1.76548
1.32083
1.03259
0.730856
0.521101
0.377082
0.283531
0.21547
0.164763
0.126689
0.0978882
0.075954
0.0591463
0.046197
0.0361735
0.0283836
0.0223092
0.0369368
0.028675
0.0224087
0.0175881
0.0513296
0.0803608
0.0566651
0.0407008
0.029738
0.0220659
0.0165933
0.0126183
0.00968322
0.0074849
0.00581868
0.00454348
0.00355994
0.00279672
0.00220165
0.00173597
0.00137049
0.00108303
0.000856525
0.000677818
0.000536669
0.000425089
0.000336825
0.000266965
0.000211647
0.000167827
0.000133105
0.000105584
8.37653e-05
0.645473
0.494091
0.309887
0.196794
0.126961
0.088987
0.0592208
0.0402856
0.0280329
0.0199412
0.0144744
0.0106927
0.00801587
0.00608113
0.00465709
0.00359292
0.00278782
0.00217269
0.00169907
0.00133217
0.00104662
0.000823563
0.000648825
0.000511639
0.000403751
0.000318792
0.000251821
0.000198986
0.000157279
0.00012434
9.8315e-05
0.171836
0.106217
0.0662694
0.0426005
0.0283724
0.0196099
0.0140226
0.0103082
0.00773342
0.00588313
0.00451651
0.00348755
0.0027029
0.00209965
0.00163344
0.00127196
0.000991102
0.000772596
0.000602449
0.000469881
0.00036655
0.000285986
0.000223157
0.000174152
0.000135923
0.000106097
8.28246e-05
0.0843029
0.0571838
0.039281
0.0273708
0.019368
0.0139231
0.0101633
0.0075237
0.00563821
0.0042686
0.00325835
0.00250323
0.0019326
0.00149762
0.00116379
0.000906263
0.000706833
0.000551945
0.000431388
0.000337402
0.00026404
0.000206722
0.000161908
0.00012685
9.94102e-05
0.398738
0.290159
0.216626
0.164671
0.130379
0.10113
0.0788348
0.0646084
0.0623967
0.0498382
0.0391986
0.0309097
0.0244107
0.0192954
0.0152602
0.0120728
0.00955299
0.00756009
0.00598345
0.0047359
0.00374865
0.00296731
0.00234891
0.00185944
0.00147202
0.00116534
0.000922583
0.000730413
0.000578286
0.000457855
0.000362512
0.000287031
0.000227271
0.000179957
0.000142497
0.000112836
8.93518e-05
0.0339326
0.0219294
0.0143393
0.00949277
0.00636841
0.00433457
0.00299679
0.0021066
0.00150632
0.00109534
0.000809154
0.00060625
0.000459769
0.000352192
0.000271963
0.000211335
0.000165019
0.00012933
0.000101641
8.00474e-05
