200 PA4-C-Debug-Output.txt
  -15.635   18.773   22.126  -15.638   18.774   22.125    0.004
  -22.833   -2.177  -47.503  -22.833   -2.177  -47.504    0.000
   31.067    0.772  -26.978   31.068    0.772  -26.978    0.001
   35.594   10.612  -16.302   35.589   10.610  -16.301    0.006
   -8.150    6.483   32.235   -8.150    6.483   32.235    0.000
   25.628   -7.364    8.871   25.628   -7.364    8.870    0.000
   11.429   15.478   63.111   11.429   15.478   63.113    0.002
  -29.253  -16.845  -46.905  -29.253  -16.846  -46.908    0.003
  -14.555   -9.732  -48.230  -14.555   -9.732  -48.229    0.001
    9.929   21.109   49.179    9.928   21.110   49.178    0.001
  -37.202  -20.317  -14.084  -37.198  -20.315  -14.086    0.005
   -3.921  -12.945    1.099   -3.922  -12.950    1.100    0.005
    6.869   -9.032   17.491    6.870   -9.034   17.491    0.002
   -2.479   19.257   42.728   -2.479   19.255   42.727    0.002
  -15.715   11.598  -26.611  -15.715   11.600  -26.610    0.001
  -10.643   -7.725    6.639  -10.644   -7.726    6.639    0.001
    6.395   18.843   -4.995    6.395   18.843   -4.995    0.000
   20.993    8.589   61.591   20.995    8.589   61.592    0.002
  -28.213  -29.597  -17.743  -28.214  -29.603  -17.740    0.006
   18.523   18.152   45.619   18.522   18.152   45.619    0.000
   31.592   -9.098  -15.096   31.592   -9.099  -15.096    0.001
  -33.466  -21.271  -41.865  -33.466  -21.271  -41.865    0.000
   -2.816   -6.931  -38.851   -2.816   -6.931  -38.851    0.000
  -39.768  -17.495  -15.583  -39.768  -17.495  -15.583    0.000
   16.536   17.664   59.395   16.536   17.664   59.395    0.000
   23.056   10.443   45.618   23.060   10.444   45.618    0.003
  -39.852   -2.191  -16.483  -39.850   -2.192  -16.485    0.002
   -7.257   19.202   39.114   -7.258   19.203   39.115    0.002
   19.712   -1.612   49.640   19.711   -1.610   49.640    0.002
   32.316   -8.388  -14.175   32.315   -8.387  -14.175    0.002
  -41.484  -19.393  -27.881  -41.483  -19.392  -27.881    0.002
   23.276    5.684   44.975   23.277    5.683   44.975    0.001
   -6.012  -18.065   -7.862   -6.012  -18.066   -7.861    0.001
   38.311    7.663   -9.869   38.311    7.663   -9.869    0.000
  -38.015    0.943  -36.330  -38.013    0.942  -36.329    0.002
  -36.411   -0.927  -40.549  -36.412   -0.926  -40.551    0.003
   -0.831   -8.667   24.915   -0.830   -8.664   24.915    0.003
    9.528   22.749   -6.855    9.528   22.749   -6.855    0.001
   24.048  -15.005  -14.787   24.051  -15.010  -14.788    0.006
  -10.725  -26.483  -38.518  -10.723  -26.487  -38.520    0.005
   33.694   -5.813   -9.716   33.693   -5.811   -9.716    0.002
   24.981   10.756   33.398   24.980   10.756   33.397    0.001
  -12.777  -14.937   -3.857  -12.778  -14.937   -3.856    0.001
   37.073   12.817   -3.800   37.071   12.815   -3.800    0.003
  -15.931  -11.742  -48.487  -15.931  -11.742  -48.487    0.000
   11.934  -16.829   -4.865   11.933  -16.831   -4.865    0.001
   24.846    1.619  -29.273   24.846    1.618  -29.274    0.001
   -7.722   14.011   40.561   -7.722   14.011   40.561    0.000
   38.273    4.015  -12.545   38.272    4.015  -12.544    0.001
   -3.453   11.629   62.436   -3.452   11.628   62.434    0.002
  -39.703  -11.048  -38.670  -39.704  -11.048  -38.670    0.001
   13.787  -17.430   -7.709   13.787  -17.429   -7.709    0.000
   14.721    1.430   62.994   14.721    1.430   62.994    0.000
  -41.293   -4.366  -34.062  -41.292   -4.366  -34.061    0.002
   -6.819    1.821   35.988   -6.824    1.821   35.988    0.005
   22.007    4.549   52.357   22.007    4.549   52.357    0.000
   13.644   -6.701   24.548   13.643   -6.700   24.548    0.001
  -14.993  -14.352   -4.121  -14.992  -14.351   -4.123    0.002
   -6.832    4.336   43.184   -6.830    4.336   43.184    0.003
  -15.630   -3.269  -47.270  -15.630   -3.269  -47.269    0.001
  -17.751  -31.932  -22.290  -17.751  -31.935  -22.290    0.003
  -16.722   -4.593    1.228  -16.721   -4.593    1.227    0.001
   20.360   14.504   51.731   20.359   14.504   51.731    0.001
    6.289   17.737   -5.217    6.292   17.737   -5.215    0.003
   -5.775   -0.504   57.285   -5.776   -0.504   57.285    0.001
   18.046   -7.691   13.567   18.046   -7.690   13.567    0.000
   -3.269  -19.721  -37.153   -3.270  -19.720  -37.152    0.003
   17.838   23.961   16.153   17.838   23.962   16.153    0.001
  -40.072  -20.666  -19.190  -40.070  -20.665  -19.191    0.003
  -34.553    3.088  -14.788  -34.553    3.088  -14.788    0.000
    6.742  -12.461    7.815    6.743  -12.459    7.815    0.002
  -34.975  -24.618  -16.119  -34.975  -24.618  -16.120    0.001
  -32.273  -29.214  -22.479  -32.274  -29.214  -22.479    0.001
   -0.469   -5.985   63.094   -0.469   -5.986   63.094    0.001
  -40.090   -7.959  -37.919  -40.088   -7.959  -37.918    0.001
  -42.853   -3.066  -26.832  -42.851   -3.067  -26.832    0.003
   26.046   23.848   -0.350   26.047   23.850   -0.349    0.003
   11.309   22.935  -10.509   11.307   22.937  -10.510    0.002
    2.051  -17.039   -8.320    2.051  -17.037   -8.321    0.002
   23.096   -4.223   23.376   23.096   -4.223   23.377    0.001
   -0.099   -6.191   62.990   -0.099   -6.190   62.989    0.001
   27.073    8.119   27.350   27.074    8.119   27.350    0.001
   33.261   14.549   10.630   33.263   14.551   10.632    0.003
   25.990    9.756  -30.183   25.990    9.756  -30.183    0.000
    4.979   -6.535   62.867    4.979   -6.536   62.868    0.002
   15.281   -6.307  -22.317   15.281   -6.307  -22.317    0.000
  -37.468  -23.847  -18.940  -37.470  -23.848  -18.939    0.002
  -42.717  -15.983  -22.807  -42.714  -15.982  -22.808    0.003
   -5.587   -1.046   57.771   -5.586   -1.046   57.771    0.001
  -25.112    7.430  -16.068  -25.112    7.429  -16.069    0.000
   29.823    8.094   19.588   29.823    8.094   19.588    0.000
   -9.646    7.322   -9.394   -9.646    7.322   -9.394    0.000
   21.317  -10.717    1.908   21.317  -10.717    1.909    0.001
  -12.631  -17.949  -45.924  -12.632  -17.947  -45.922    0.004
    2.728  -11.964    8.308    2.728  -11.963    8.308    0.001
  -27.267  -29.773  -16.787  -27.265  -29.771  -16.788    0.003
   25.049   14.515   27.051   25.049   14.515   27.051    0.000
   -2.383   -5.286   58.955   -2.384   -5.287   58.955    0.002
   33.208   12.687   12.081   33.209   12.687   12.081    0.001
   12.584   -6.996   22.971   12.584   -6.999   22.972    0.003
   22.670   -6.019  -25.151   22.669   -6.020  -25.152    0.002
   30.489   20.363    4.628   30.491   20.365    4.629    0.003
   27.974   17.542   14.902   27.971   17.540   14.900    0.004
   21.751  -10.198    2.448   21.752  -10.202    2.449    0.004
    0.534   23.745   16.056    0.535   23.744   16.057    0.001
    7.809   22.834   28.754    7.809   22.837   28.755    0.002
   -7.025    6.714   60.578   -7.022    6.713   60.578    0.004
   35.421    7.839  -19.324   35.424    7.840  -19.325    0.003
   11.140   -6.458   31.875   11.140   -6.459   31.875    0.001
   25.714   18.739   17.511   25.713   18.738   17.510    0.002
   35.289   -3.418   -0.775   35.290   -3.419   -0.775    0.002
   30.953   -9.873  -15.643   30.954   -9.874  -15.643    0.000
   22.529    4.086   47.530   22.530    4.086   47.531    0.001
  -17.571    4.691  -11.283  -17.569    4.684  -11.286    0.007
  -10.286  -20.460  -43.737  -10.287  -20.460  -43.737    0.001
   21.382  -13.219  -20.831   21.382  -13.219  -20.831    0.000
  -11.468  -17.746   -6.839  -11.468  -17.745   -6.840    0.001
   35.223    0.829   11.809   35.223    0.829   11.808    0.000
  -22.475  -13.580   -5.624  -22.475  -13.580   -5.624    0.001
   -8.772  -29.093  -25.950   -8.773  -29.092  -25.950    0.001
  -27.268  -18.129   -7.188  -27.268  -18.128   -7.187    0.001
  -14.490    8.710  -17.255  -14.490    8.710  -17.255    0.000
  -26.098  -12.687  -48.325  -26.098  -12.688  -48.327    0.002
   36.387   13.945    0.861   36.385   13.943    0.862    0.003
  -38.357  -14.654  -40.838  -38.357  -14.654  -40.838    0.000
  -35.298  -18.285  -42.272  -35.301  -18.287  -42.275    0.004
  -17.374    1.150  -45.616  -17.374    1.151  -45.617    0.002
  -14.978    2.413    1.374  -14.980    2.414    1.375    0.002
  -17.508    1.060  -45.675  -17.508    1.060  -45.674    0.001
  -13.110  -25.110  -11.609  -13.111  -25.110  -11.609    0.001
  -35.821  -22.842  -14.878  -35.822  -22.843  -14.877    0.002
   36.344   14.237    3.436   36.344   14.238    3.436    0.000
   -8.989  -28.212  -32.651   -8.988  -28.213  -32.651    0.001
   -2.398   19.788   10.754   -2.399   19.788   10.753    0.001
   12.101   -8.537   14.725   12.102   -8.540   14.726    0.002
  -33.283  -27.664  -33.983  -33.283  -27.663  -33.983    0.001
  -11.285   15.432   36.549  -11.285   15.432   36.549    0.000
  -31.233   -7.994   -7.570  -31.234   -7.993   -7.568    0.002
   -6.903   15.337   11.738   -6.903   15.338   11.738    0.000
   15.282   24.777  -13.120   15.284   24.774  -13.119    0.003
   38.430   11.027   -2.271   38.430   11.028   -2.271    0.001
   11.388   -5.707   62.723   11.388   -5.707   62.723    0.000
   -0.947  -10.855  -34.800   -0.947  -10.855  -34.800    0.000
    5.678  -10.080   14.833    5.678  -10.081   14.833    0.000
  -36.709  -24.754  -33.404  -36.712  -24.756  -33.405    0.004
    3.314   -6.933   42.623    3.314   -6.931   42.623    0.002
   38.693    2.329  -11.756   38.693    2.329  -11.756    0.000
   19.017   25.495  -20.284   19.016   25.499  -20.284    0.004
   -4.523   13.795   52.090   -4.520   13.793   52.089    0.004
   -2.054   -5.724   41.762   -2.052   -5.720   41.762    0.004
   20.320  -14.268   -3.193   20.321  -14.271   -3.191    0.003
   -4.309  -24.472  -19.975   -4.309  -24.471  -19.975    0.001
  -32.163  -29.279  -30.188  -32.164  -29.280  -30.188    0.002
   33.996   11.276  -20.767   33.996   11.276  -20.767    0.001
   32.575   -6.805   -3.852   32.576   -6.805   -3.852    0.000
   -8.515  -25.134  -38.100   -8.515  -25.134  -38.100    0.000
   10.481   22.952   -8.416   10.478   22.954   -8.417    0.003
  -22.235   11.114  -33.380  -22.236   11.118  -33.382    0.004
  -14.436   20.573   30.831  -14.435   20.572   30.830    0.002
  -42.708  -13.677  -27.548  -42.704  -13.678  -27.545    0.004
   18.240  -15.606   -3.537   18.240  -15.607   -3.536    0.002
   38.217   -0.739   -9.299   38.216   -0.739   -9.299    0.001
   22.104   18.506   29.246   22.105   18.506   29.246    0.001
   -5.681   -0.805   53.446   -5.684   -0.805   53.446    0.002
   23.721   20.495   18.476   23.722   20.495   18.476    0.001
  -15.761  -11.764  -48.505  -15.761  -11.764  -48.506    0.002
   18.891   -9.018    8.047   18.892   -9.020    8.047    0.002
   29.852   20.991   -5.696   29.853   20.993   -5.696    0.002
  -35.622  -24.856  -17.358  -35.623  -24.858  -17.357    0.002
   17.933  -11.701  -19.413   17.934  -11.696  -19.408    0.007
   23.196   12.882   39.229   23.196   12.882   39.229    0.000
   -3.333  -14.478  -39.682   -3.334  -14.478  -39.681    0.001
    6.611  -13.969  -20.570    6.611  -13.969  -20.570    0.000
  -22.412   12.223  -26.186  -22.412   12.223  -26.186    0.000
   -3.167    9.814   -7.362   -3.166    9.812   -7.361    0.002
   -3.705   20.897   38.052   -3.704   20.894   38.051    0.003
   38.680    1.577    7.263   38.679    1.577    7.263    0.001
   17.900  -13.053    0.501   17.898  -13.049    0.499    0.005
   21.952   16.941   33.610   21.953   16.941   33.610    0.001
   21.234   11.486   55.974   21.235   11.486   55.975    0.001
    0.135  -19.560  -15.450    0.135  -19.560  -15.450    0.000
   25.775   21.161   13.267   25.776   21.161   13.267    0.000
  -34.569  -26.220  -18.000  -34.571  -26.223  -17.999    0.003
    3.366   -9.099   20.338    3.366   -9.101   20.339    0.002
  -12.803   23.702   25.819  -12.803   23.702   25.819    0.000
   26.889   12.637   24.140   26.887   12.636   24.140    0.001
   -6.214   18.800   13.043   -6.214   18.800   13.043    0.000
   -3.434   -4.197   56.765   -3.435   -4.197   56.765    0.001
   -0.374  -19.329  -14.068   -0.375  -19.327  -14.068    0.002
   18.934   -8.954    8.236   18.935   -8.957    8.237    0.004
   23.864   22.766   12.033   23.866   22.770   12.034    0.005
   14.832   -4.897   56.780   14.832   -4.897   56.779    0.000
   -3.668   -3.844   57.458   -3.671   -3.847   57.458    0.004
   39.947    6.301    2.042   39.942    6.300    2.041    0.005
  -12.170    5.248    7.448  -12.171    5.248    7.448    0.000
   -2.333   15.615   57.449   -2.335   15.617   57.449    0.002
   29.998   20.963   -1.443   30.001   20.968   -1.444    0.006
   10.863   -7.966   18.629   10.863   -7.966   18.629    0.001
  -33.927   -7.685   -8.503  -33.928   -7.683   -8.501    0.003
  -39.078  -17.714  -37.590  -39.079  -17.715  -37.590    0.001
