200 PA4-F-Debug-Output.txt
   15.577   11.128  -24.376   15.606   11.156  -24.384    0.042
   -4.508  -24.949  -20.731   -4.474  -24.983  -20.715    0.052
   28.410   21.160  -19.224   28.422   21.177  -19.229    0.022
   10.831    2.383   63.096   10.831    2.382   63.088    0.008
  -35.952  -14.058   -9.423  -35.943  -14.058   -9.432    0.013
  -14.171   -0.542  -45.888  -14.183   -0.561  -45.861    0.035
   13.491   -6.470   26.005   13.494   -6.506   26.010    0.037
  -39.521  -17.065  -14.982  -39.547  -17.075  -14.964    0.033
  -30.888  -27.668  -16.275  -30.900  -27.696  -16.253    0.038
    2.008   -4.666  -25.918    1.978   -4.681  -25.879    0.052
   -7.055    5.128   59.158   -7.087    5.128   59.157    0.032
    2.808   20.402    4.035    2.855   20.375    4.053    0.056
   -3.334   -4.144  -35.839   -3.349   -4.151  -35.842    0.017
  -26.086  -23.575   -8.877  -26.088  -23.580   -8.868    0.011
   16.840   -2.614   61.448   16.920   -2.668   61.556    0.145
    0.908   -6.547  -27.552    0.929   -6.544  -27.571    0.029
   -5.821   25.119   25.875   -5.853   24.961   25.876    0.161
   -8.604    4.777  -36.572   -8.645    4.738  -36.550    0.060
  -19.128  -22.609   -8.476  -19.122  -22.625   -8.452    0.029
  -31.269    9.329  -28.906  -31.265    9.322  -28.905    0.008
   -2.554   -5.126   57.217   -2.543   -5.115   57.216    0.015
   24.513  -14.892  -14.102   24.452  -14.795  -14.098    0.115
  -11.895  -14.470  -46.944  -11.881  -14.475  -46.994    0.052
   14.340   -0.951   63.035   14.339   -0.951   62.991    0.045
   14.456  -16.484   -2.914   14.457  -16.490   -2.912    0.005
   16.961   -4.119   48.464   16.964   -4.122   48.464    0.004
   19.350   15.197   56.178   19.247   15.118   56.173    0.129
  -20.454   10.171  -35.758  -20.452   10.248  -35.816    0.097
  -18.003   11.503  -32.210  -18.007   11.474  -32.203    0.030
   31.058    0.965  -27.391   30.893    0.971  -27.296    0.190
   20.708    1.770   55.251   20.830    1.719   55.264    0.133
  -26.055  -22.323  -44.915  -26.057  -22.337  -44.930    0.021
   28.041   -0.309   20.953   28.132   -0.351   20.999    0.111
   -8.220  -22.627  -12.018   -8.240  -22.595  -12.037    0.043
   10.269  -12.863  -18.786   10.290  -12.915  -18.828    0.070
   -7.274    2.905   33.412   -7.214    2.909   33.406    0.060
   -6.189   10.671   50.550   -6.006   10.615   50.544    0.192
   -7.608  -17.661  -43.163   -7.624  -17.658  -43.142    0.027
   21.315   12.570   52.871   21.189   12.528   52.849    0.135
   15.963   22.045   29.948   15.989   22.242   29.981    0.202
    2.509   22.577   30.948    2.510   22.587   30.951    0.010
   13.432   21.009  -29.317   13.422   21.046  -29.375    0.069
   12.386   26.226   -4.678   12.411   26.170   -4.666    0.062
  -44.141   -9.725  -24.170  -44.124   -9.723  -24.175    0.018
   32.928   -5.496  -21.711   32.958   -5.516  -21.720    0.037
   17.541   16.868  -30.924   17.543   16.845  -30.873    0.056
    3.131   24.094   19.355    3.131   24.094   19.355    0.001
   20.368   18.533  -29.254   20.352   18.514  -29.227    0.036
    6.834  -12.107    8.466    6.852  -12.191    8.500    0.093
    3.306   11.290   -9.484    3.315   11.268   -9.475    0.026
   27.865   -3.540   16.538   27.916   -3.595   16.559    0.079
   -7.367   10.739   41.310   -7.370   10.739   41.310    0.003
   18.073  -10.404    6.119   18.037  -10.334    6.083    0.086
  -15.775  -21.182  -45.245  -15.776  -21.181  -45.243    0.003
   -6.903    4.528  -31.429   -6.890    4.537  -31.429    0.015
   21.006   21.482   22.342   21.011   21.489   22.344    0.008
   -9.660  -21.165   -9.557   -9.661  -21.135   -9.599    0.052
   23.935   12.738   35.467   23.894   12.724   35.458    0.044
   -6.842    3.216   46.389   -6.662    3.234   46.391    0.181
   26.022    0.348   27.267   26.015    0.351   27.263    0.009
   -4.134    0.502  -29.835   -4.115    0.514  -29.845    0.025
  -37.845    4.428  -24.515  -37.889    4.469  -24.510    0.060
    3.130   -0.527  -23.296    3.137   -0.520  -23.312    0.019
    7.860   21.675   35.125    7.857   21.724   35.134    0.050
  -15.944   10.755  -21.805  -15.946   10.778  -21.795    0.025
   24.001   -4.691   20.449   23.940   -4.576   20.417    0.133
   -4.976  -22.265  -14.185   -5.023  -22.199  -14.225    0.091
  -22.046  -19.242  -47.181  -22.052  -19.261  -47.247    0.068
  -29.592  -30.890  -24.232  -29.622  -30.951  -24.226    0.068
   -5.045   12.113   56.535   -5.119   12.149   56.530    0.082
   -2.359  -21.997  -33.782   -2.424  -21.973  -33.752    0.075
    0.872  -12.153    5.653    0.882  -11.995    5.617    0.163
   -1.234   -9.652  -35.001   -1.189   -9.644  -35.011    0.047
   20.709  -13.325   -2.144   20.706  -13.320   -2.147    0.007
   -6.093  -19.959  -10.320   -6.074  -20.001  -10.272    0.067
    4.291   -7.197   35.792    4.293   -7.171   35.791    0.026
   14.687  -17.361   -7.609   14.642  -17.598   -7.637    0.243
  -12.512   -0.292   11.336  -12.407   -0.279   11.303    0.110
   14.061   -3.171  -22.167   14.062   -3.171  -22.162    0.005
   18.916   16.329   51.797   19.012   16.405   51.816    0.124
  -28.546  -27.520  -13.597  -28.529  -27.490  -13.623    0.044
  -23.673  -32.700  -29.186  -23.678  -32.721  -29.186    0.021
   19.972  -11.323    1.953   19.957  -11.295    1.940    0.034
  -28.069    2.997  -13.541  -28.077    3.022  -13.490    0.058
    7.287   14.833   -8.398    7.250   14.870   -8.494    0.109
  -33.164  -16.939   -8.578  -33.153  -16.917   -8.615    0.044
   23.201   12.414   39.873   23.249   12.428   39.879    0.050
   27.630  -12.209  -17.397   27.634  -12.216  -17.398    0.008
  -11.795   19.235   35.867  -11.761   19.221   35.832    0.051
   11.730   25.950   10.949   11.723   25.991   10.964    0.044
   10.887   22.642   28.993   10.888   22.786   29.021    0.147
   24.571  -14.823  -15.117   24.483  -14.699  -15.061    0.162
    3.682   -4.227  -24.646    3.640   -4.241  -24.581    0.079
  -20.017    2.298   -9.829  -20.015    2.294   -9.832    0.005
  -16.177   10.200  -35.366  -16.181   10.189  -35.363    0.013
   -4.714   -4.013   37.857   -4.732   -4.027   37.862    0.023
   23.192   18.366   25.882   23.132   18.325   25.861    0.075
  -31.891  -27.372  -16.417  -31.892  -27.375  -16.415    0.004
   -6.706   10.679   45.749   -6.558   10.659   45.740    0.150
    0.922  -12.299  -29.079    0.844  -12.298  -29.045    0.085
   -2.707   12.377   -0.173   -2.710   12.382   -0.174    0.007
   -3.596    1.399  -28.301   -3.634    1.374  -28.264    0.059
  -10.589  -20.174   -8.946  -10.589  -20.189   -8.924    0.027
  -27.835    1.028  -12.540  -27.832    1.018  -12.566    0.029
  -43.397   -4.294  -26.961  -43.346   -4.314  -26.961    0.055
   10.975   18.141  -11.711   10.977   18.142  -11.710    0.003
   26.577  -13.009  -17.214   26.532  -12.942  -17.201    0.082
   27.312    1.209   25.085   27.248    1.233   25.062    0.072
   22.829    0.206   38.813   22.674    0.293   38.762    0.184
    2.274   -6.835   43.471    2.273   -6.856   43.472    0.021
   37.381    1.907  -14.848   37.301    1.894  -14.801    0.094
   -6.602   18.234   12.970   -6.600   18.233   12.972    0.003
  -17.568  -28.650  -39.023  -17.573  -28.631  -39.010    0.023
   -1.752  -10.760   12.630   -1.752  -10.758   12.630    0.002
   14.971   -3.314  -22.192   14.970   -3.314  -22.201    0.009
  -11.752  -30.356  -30.015  -11.757  -30.346  -30.014    0.011
    5.129   -7.072   48.307    5.132   -7.109   48.308    0.037
   21.761    8.655   56.179   21.786    8.656   56.182    0.025
   17.661   -7.102   16.401   17.672   -7.147   16.409    0.047
   18.148   -7.261  -23.170   18.165   -7.263  -23.137    0.037
  -39.905  -17.102  -15.368  -39.838  -17.077  -15.399    0.078
   10.067   -7.097   60.095   10.009   -6.894   60.112    0.212
   -4.829   -2.242   62.752   -4.727   -2.204   62.640    0.157
   -6.864  -20.899  -10.543   -6.868  -20.890  -10.548    0.011
   -6.044   10.935   59.948   -5.910   10.867   59.950    0.150
    6.428  -12.427  -21.928    6.452  -12.451  -21.989    0.069
   17.719   24.067   15.256   17.750   24.166   15.276    0.105
   -9.062    8.007   31.688   -9.009    8.045   31.667    0.069
  -36.758  -16.575  -10.605  -36.659  -16.534  -10.684    0.133
  -12.369    8.100  -35.958  -12.364    8.111  -35.961    0.012
   29.043    1.769   20.995   29.031    1.773   20.990    0.013
   20.621    1.141   55.057   20.612    1.144   55.056    0.010
   30.777   19.536    7.806   30.825   19.589    7.812    0.072
    6.707  -12.764    4.504    6.704  -12.801    4.513    0.038
   21.498    3.980   55.006   21.476    3.985   55.003    0.023
    3.347   -7.008   47.215    3.352   -6.970   47.217    0.039
   20.886   16.005   42.833   20.862   15.991   42.827    0.029
  -21.157  -18.163   -6.366  -21.157  -18.166   -6.340    0.026
  -31.982  -16.935   -8.153  -31.965  -16.927   -8.186    0.038
   -5.536   -1.207   49.201   -5.532   -1.206   49.201    0.004
   -7.381  -17.741   -6.676   -7.376  -17.693   -6.719    0.064
   -7.299   -2.380   28.470   -7.345   -2.386   28.479    0.047
  -12.366   -0.901   10.618  -12.523   -0.921   10.667    0.166
   32.089   14.274   12.213   32.119   14.295   12.246    0.048
   -6.615  -14.493  -43.259   -6.652  -14.477  -43.213    0.061
   20.715   21.034   24.537   20.751   21.091   24.545    0.068
   -3.084   -3.960  -33.274   -3.252   -3.988  -33.242    0.174
   40.362    2.964   -2.951   40.279    3.017   -2.965    0.099
   -4.931   23.370   32.920   -4.936   23.352   32.911    0.021
  -27.711  -20.507  -45.955  -27.710  -20.505  -45.952    0.003
   -5.463   -6.553  -42.181   -5.435   -6.547  -42.204    0.036
   19.150    7.097  -26.636   19.100    7.068  -26.676    0.071
   24.148   12.493   35.098   24.060   12.464   35.079    0.095
  -43.919   -8.339  -26.432  -43.990   -8.322  -26.448    0.075
   20.452   11.548   61.260   20.475   11.555   61.267    0.025
   -4.438  -19.228  -38.948   -4.418  -19.236  -38.962    0.025
  -27.957  -22.553   -8.577  -27.953  -22.540   -8.589    0.018
    1.341   -6.675   46.382    1.335   -6.759   46.382    0.085
   -1.997  -10.320  -38.021   -1.987  -10.321  -38.023    0.010
   18.068   26.619    4.614   18.040   26.497    4.602    0.126
   18.676   -3.672   41.371   18.692   -3.694   41.370    0.027
   -5.195   -1.751   58.237   -5.298   -1.822   58.236    0.125
   23.487   13.447  -29.954   23.487   13.443  -29.949    0.007
   22.121    6.420   53.365   22.140    6.420   53.368    0.019
   12.647   17.370  -17.862   12.520   17.291  -17.841    0.152
  -15.485  -23.975  -43.345  -15.479  -23.997  -43.372    0.035
  -33.922  -25.854  -16.339  -33.886  -25.816  -16.370    0.061
    3.357   -1.586   63.315    3.357   -1.585   63.336    0.021
  -39.806  -19.063  -17.012  -39.786  -19.055  -17.021    0.023
   33.633   -5.201   -2.206   33.652   -5.214   -2.205    0.023
  -27.797  -15.532  -47.356  -27.808  -15.538  -47.383    0.030
  -22.365   -7.095  -48.345  -22.374   -7.124  -48.291    0.062
  -11.238   20.843   17.666  -11.218   20.815   17.698    0.047
   26.353   14.758  -27.936   26.344   14.750  -27.914    0.025
   29.900   10.809   17.713   30.023   10.854   17.780    0.147
  -30.406  -27.320  -38.103  -30.371  -27.259  -38.066    0.079
    0.589   -6.837   54.104    0.663   -6.666   54.120    0.186
   29.948   21.041  -15.447   29.859   20.957  -15.431    0.123
  -34.619  -26.282  -34.739  -34.605  -26.268  -34.731    0.022
   15.427   -0.318  -21.645   15.427   -0.320  -21.643    0.003
  -14.809    9.571  -35.769  -14.855    9.487  -35.738    0.100
  -10.543   22.350   18.817  -10.584   22.408   18.755    0.095
   -3.110   16.163    7.971   -3.107   16.161    7.974    0.004
   22.482   -6.563   13.737   22.472   -6.531   13.729    0.034
  -14.438  -23.652   -9.985  -14.437  -23.686   -9.954    0.047
   -7.441   -4.260   23.499   -7.599   -4.335   23.528    0.177
   21.316   16.399   38.431   21.296   16.387   38.429    0.024
   16.044   -5.099  -22.461   16.043   -5.098  -22.471    0.011
  -15.898    5.740  -41.754  -15.902    5.730  -41.743    0.015
   37.898    4.452    8.803   37.906    4.452    8.809    0.010
   -7.358   -6.635   17.976   -7.347   -6.626   17.973    0.014
  -13.752    6.917  -13.621  -13.758    6.933  -13.616    0.018
  -23.947    4.946  -42.343  -23.950    4.954  -42.351    0.011
   26.711  -11.917   -7.042   26.699  -11.903   -7.042    0.018
   23.717   13.374   34.241   23.862   13.451   34.277    0.168
   15.783   27.152   -1.518   15.775   27.205   -1.514    0.054
  -41.061   -9.369  -31.989  -41.118   -9.396  -32.023    0.071
   36.598    6.796  -16.008   36.649    6.802  -16.016    0.052
   20.826    0.043  -25.256   20.842    0.048  -25.244    0.020
  -27.457  -30.645  -18.460  -27.406  -30.575  -18.492    0.092
