200 PA4-D-Debug-Output.txt
   -4.590   13.551   53.435   -4.592   13.552   53.435    0.002
   -0.566  -16.475  -34.678   -0.569  -16.473  -34.677    0.003
   -5.421  -23.117  -15.307   -5.424  -23.113  -15.310    0.006
   38.723    2.828  -11.743   38.728    2.827  -11.745    0.005
  -10.539   -1.102   15.295  -10.542   -1.103   15.296    0.004
    4.677    4.924   63.388    4.676    4.924   63.386    0.001
  -24.786   11.341  -21.678  -24.785   11.340  -21.678    0.002
  -42.415   -3.756  -20.274  -42.414   -3.756  -20.274    0.001
   21.450  -16.499  -12.332   21.448  -16.495  -12.331    0.004
   -6.991    3.953   36.294   -6.990    3.953   36.294    0.001
  -12.863  -25.239  -41.539  -12.859  -25.244  -41.544    0.008
    3.788   -7.322   57.133    3.788   -7.337   57.133    0.014
   35.257   -3.235    9.360   35.253   -3.232    9.358    0.006
    6.685   -4.370  -22.965    6.686   -4.370  -22.967    0.002
   -2.870   -5.777  -34.530   -2.872   -5.778  -34.530    0.002
   34.271   -4.779    7.958   34.269   -4.778    7.958    0.002
   22.376   14.382   39.586   22.374   14.381   39.586    0.003
   28.326   -5.101  -25.900   28.326   -5.096  -25.895    0.008
  -40.410  -19.631  -31.561  -40.408  -19.630  -31.560    0.002
  -30.208  -30.346  -30.987  -30.209  -30.349  -30.987    0.003
   26.617    7.347   29.093   26.618    7.347   29.093    0.001
  -33.749    0.810  -12.812  -33.749    0.810  -12.813    0.001
   -6.235   -5.275   25.695   -6.232   -5.273   25.694    0.004
   27.665   22.853   -0.316   27.663   22.850   -0.317    0.004
   27.469    3.335   25.868   27.475    3.335   25.870    0.006
  -35.072  -20.788  -12.038  -35.073  -20.789  -12.037    0.001
   25.344   -0.860  -28.167   25.343   -0.861  -28.168    0.001
  -36.434    5.928  -25.839  -36.434    5.928  -25.839    0.001
    6.825   -6.948   49.780    6.825   -6.948   49.780    0.000
    2.387   -5.051  -25.690    2.386   -5.051  -25.688    0.002
  -24.911  -31.648  -33.173  -24.911  -31.648  -33.173    0.000
   -0.420    5.868  -20.734   -0.420    5.868  -20.735    0.001
  -15.434   17.443   20.176  -15.431   17.441   20.179    0.005
  -15.247   -2.229    4.411  -15.243   -2.229    4.409    0.004
   22.951  -14.724   -6.718   22.952  -14.726   -6.717    0.003
  -30.740    9.209  -20.966  -30.740    9.211  -20.966    0.002
    2.061   18.417   55.904    2.060   18.421   55.904    0.004
   34.817   -0.916  -21.281   34.816   -0.916  -21.281    0.002
   -1.050  -10.826  -35.248   -1.050  -10.826  -35.248    0.000
  -38.731  -14.198  -40.509  -38.731  -14.198  -40.509    0.000
   24.800   -9.035    3.891   24.800   -9.034    3.890    0.001
   25.274    1.128   30.655   25.278    1.126   30.656    0.005
   24.813   -5.326   16.365   24.812   -5.322   16.364    0.004
  -42.714  -16.853  -25.412  -42.710  -16.851  -25.412    0.005
  -38.416   -4.686  -40.160  -38.418   -4.685  -40.162    0.003
  -38.312  -19.077  -14.723  -38.310  -19.075  -14.725    0.003
   20.869   18.381   34.327   20.873   18.383   34.328    0.004
  -41.995   -7.706  -17.437  -41.992   -7.707  -17.438    0.004
  -20.873  -18.965   -6.443  -20.873  -18.965   -6.444    0.000
   37.955   11.503   -4.001   37.950   11.500   -4.001    0.005
   12.833   19.206  -30.134   12.834   19.205  -30.133    0.002
   15.169   22.271   34.461   15.169   22.271   34.461    0.001
    6.683   19.304   -5.288    6.675   19.306   -5.292    0.009
   18.823   25.017   10.043   18.823   25.015   10.042    0.003
  -22.631    4.035  -43.320  -22.631    4.036  -43.321    0.001
   17.669   -7.300  -22.627   17.671   -7.300  -22.626    0.002
   -6.480    1.547   42.449   -6.479    1.547   42.449    0.001
   -6.779   20.058   14.308   -6.777   20.056   14.311    0.005
  -13.503  -31.353  -25.978  -13.502  -31.358  -25.978    0.004
   33.588   -6.792  -12.145   33.584   -6.788  -12.146    0.006
   25.895   14.440   24.487   25.899   14.443   24.488    0.006
   17.773   17.019   56.187   17.770   17.017   56.187    0.003
   21.103   -9.153  -22.949   21.101   -9.155  -22.952    0.004
   23.613   -1.901   30.675   23.616   -1.904   30.676    0.004
    5.786   18.675   -3.865    5.785   18.675   -3.866    0.001
  -35.148    6.523  -30.266  -35.151    6.527  -30.267    0.005
   -6.062  -10.653    6.523   -6.063  -10.656    6.524    0.003
   -9.071   24.619   22.545   -9.071   24.621   22.544    0.002
   17.539   -9.616  -21.084   17.540   -9.613  -21.081    0.004
  -33.438  -28.054  -20.597  -33.441  -28.058  -20.596    0.004
   24.596   10.600   35.613   24.594   10.599   35.612    0.002
  -14.730   14.567   19.370  -14.725   14.569   19.375    0.008
   37.778   10.827   -6.780   37.780   10.828   -6.781    0.003
   18.498  -13.870  -17.654   18.499  -13.864  -17.648    0.009
   25.371   -6.813   10.842   25.371   -6.811   10.841    0.003
   -6.789    3.212   53.464   -6.791    3.211   53.465    0.003
   -6.194    8.489   -8.133   -6.192    8.483   -8.134    0.006
   34.791   15.819   -8.860   34.789   15.818   -8.860    0.002
   30.975    1.146  -27.168   30.973    1.146  -27.167    0.003
  -16.680    2.844   -6.565  -16.683    2.848   -6.564    0.005
  -12.207    9.578  -28.416  -12.208    9.576  -28.415    0.002
    3.849    2.188  -21.495    3.851    2.192  -21.500    0.007
  -21.048    2.135  -44.688  -21.048    2.132  -44.684    0.005
   16.412  -11.405  -19.205   16.412  -11.408  -19.208    0.005
  -39.407  -20.857  -33.320  -39.406  -20.856  -33.320    0.001
   -8.849  -29.193  -26.196   -8.848  -29.194  -26.195    0.002
   10.255   -6.409   35.589   10.256   -6.419   35.590    0.009
  -21.367   10.033  -18.739  -21.367   10.035  -18.738    0.002
   -2.444  -21.809  -33.928   -2.444  -21.809  -33.928    0.000
   -8.554   -3.083  -43.261   -8.554   -3.084  -43.261    0.000
  -18.922   12.024  -24.987  -18.922   12.017  -24.988    0.007
   35.188   15.161   -7.478   35.183   15.157   -7.479    0.007
   37.407   -1.754    6.727   37.409   -1.756    6.728    0.003
   -2.396    0.581  -27.349   -2.396    0.581  -27.349    0.000
   11.890   18.839   62.523   11.890   18.840   62.524    0.002
    7.479   20.017   -6.210    7.472   20.020   -6.214    0.008
  -30.752  -29.193  -33.965  -30.752  -29.192  -33.965    0.001
   18.037   21.116   36.439   18.038   21.120   36.439    0.003
  -36.106    2.126  -37.877  -36.108    2.128  -37.879    0.004
   -4.150  -20.089  -11.379   -4.149  -20.092  -11.377    0.004
   22.000   16.620   34.328   21.993   16.616   34.327    0.008
    0.650   -5.463  -27.479    0.651   -5.462  -27.480    0.001
   35.294   -4.284    4.886   35.293   -4.283    4.886    0.001
   -6.296    8.874   -4.317   -6.294    8.870   -4.316    0.005
  -10.603    8.012  -13.967  -10.603    8.015  -13.967    0.003
   -5.061   18.143   41.996   -5.061   18.144   41.997    0.001
   -2.921   14.883   59.771   -2.919   14.880   59.770    0.004
  -20.042   -6.206  -48.740  -20.042   -6.206  -48.741    0.001
  -18.339  -14.093  -48.723  -18.339  -14.094  -48.725    0.002
   -7.408   24.910   27.925   -7.408   24.909   27.925    0.001
   19.914   25.478  -20.721   19.913   25.476  -20.721    0.002
  -21.010    7.408  -39.564  -21.010    7.409  -39.565    0.001
   12.001   23.135   27.278   12.001   23.129   27.277    0.006
   -3.702  -10.101   12.580   -3.701  -10.097   12.580    0.004
   13.470  -10.386    9.080   13.469  -10.384    9.079    0.002
   33.334   -5.626   -1.458   33.334   -5.626   -1.458    0.000
   23.143   17.135   28.890   23.147   17.137   28.892    0.005
    3.754    2.205  -21.535    3.754    2.206  -21.536    0.001
  -25.749  -31.817  -32.068  -25.749  -31.816  -32.068    0.001
   -0.932  -19.355  -13.331   -0.928  -19.360  -13.328    0.007
   20.468   21.073   25.868   20.465   21.068   25.867    0.006
    1.001  -17.162   -8.216    1.001  -17.165   -8.214    0.003
   34.050   13.071  -18.142   34.049   13.071  -18.142    0.001
   16.066   -7.670  -22.080   16.066   -7.670  -22.081    0.001
  -16.753   -1.983    1.111  -16.760   -1.981    1.115    0.008
   -6.931    4.369   38.581   -6.937    4.368   38.581    0.006
   -7.569    9.680   39.175   -7.571    9.680   39.175    0.002
  -41.652  -13.397  -17.201  -41.649  -13.397  -17.202    0.003
   24.524  -14.729  -13.486   24.522  -14.727  -13.486    0.002
   20.884   -6.041   19.079   20.882   -6.034   19.079    0.008
    7.179   21.205   38.980    7.180   21.198   38.980    0.007
   19.470   -0.733   55.348   19.478   -0.740   55.349    0.010
   15.061   21.429   45.421   15.060   21.427   45.421    0.003
   -1.150   19.717   42.234   -1.150   19.714   42.233    0.003
   34.314   13.872    9.856   34.311   13.869    9.853    0.006
  -13.714   23.067   26.894  -13.714   23.067   26.894    0.000
  -13.534   23.206   26.162  -13.536   23.209   26.162    0.003
    0.659   17.022    3.603    0.659   17.022    3.604    0.001
  -21.881   12.318  -26.723  -21.881   12.320  -26.722    0.001
    6.990   -8.286   19.754    6.992   -8.295   19.757    0.010
  -11.767    7.458   19.983  -11.763    7.459   19.983    0.004
   -5.581   15.804   10.391   -5.581   15.804   10.391    0.000
   17.028    7.018  -23.932   17.026    7.017  -23.934    0.003
  -31.592  -28.572  -34.240  -31.592  -28.573  -34.240    0.001
  -14.283   -4.203    5.057  -14.280   -4.201    5.055    0.005
  -18.247  -29.849  -37.352  -18.247  -29.852  -37.354    0.003
   -1.603   18.869    8.794   -1.605   18.870    8.793    0.002
   18.372   21.300   32.547   18.365   21.292   32.546    0.011
    0.712   13.558   -2.353    0.710   13.561   -2.354    0.004
   30.588    2.700  -27.992   30.588    2.700  -27.992    0.000
   28.747  -10.553  -19.992   28.747  -10.553  -19.992    0.000
   -8.767   24.624   22.573   -8.767   24.624   22.573    0.000
   -1.388   17.695    7.230   -1.388   17.695    7.230    0.000
   14.107   -6.635   24.481   14.108   -6.641   24.481    0.006
   31.455   -8.935  -17.683   31.458   -8.937  -17.684    0.004
    7.677    1.498   63.303    7.677    1.498   63.303    0.000
   21.910    7.571   55.243   21.910    7.571   55.243    0.000
   -4.327   15.255    8.303   -4.323   15.250    8.308    0.008
   -3.561   -9.395   18.049   -3.561   -9.395   18.049    0.000
    3.738  -12.527    4.520    3.738  -12.524    4.520    0.003
  -37.631  -21.165  -15.596  -37.630  -21.165  -15.597    0.001
    6.720   25.073   10.539    6.720   25.073   10.540    0.001
   -3.234   15.264   53.401   -3.225   15.255   53.401    0.013
  -35.064    6.220  -31.347  -35.064    6.220  -31.347    0.000
  -14.408    9.858  -33.694  -14.413    9.848  -33.692    0.011
   -7.258   -1.660   29.433   -7.258   -1.660   29.433    0.001
   22.264    4.138   50.313   22.272    4.137   50.315    0.008
   22.658    2.454   45.005   22.661    2.453   45.006    0.003
   -4.579   15.587    8.916   -4.579   15.588    8.916    0.001
  -39.458  -10.990  -39.876  -39.460  -10.990  -39.876    0.002
   -8.917    6.795   29.723   -8.918    6.794   29.723    0.001
  -33.402  -14.695   -7.953  -33.402  -14.696   -7.951    0.002
    9.970   15.811   63.167    9.970   15.811   63.170    0.003
   18.963    3.322  -24.389   18.964    3.322  -24.388    0.002
  -22.042   12.252  -26.197  -22.042   12.251  -26.197    0.001
  -38.270    4.072  -24.627  -38.270    4.072  -24.627    0.001
  -31.345  -28.098  -35.725  -31.345  -28.098  -35.725    0.001
  -33.731  -14.301   -7.960  -33.731  -14.301   -7.960    0.000
  -16.428   16.089   22.647  -16.432   16.088   22.647    0.004
   29.282   -8.099    5.109   29.280   -8.088    5.108    0.011
  -37.394  -14.585  -10.950  -37.392  -14.584  -10.951    0.002
   29.511   10.283   19.272   29.507   10.282   19.270    0.004
   34.367   -0.240  -22.184   34.368   -0.240  -22.185    0.001
  -19.295  -18.237  -47.538  -19.295  -18.237  -47.538    0.000
  -10.909   24.307   28.249  -10.911   24.311   28.250    0.004
  -22.818  -19.452   -6.538  -22.818  -19.453   -6.537    0.001
   24.891   -7.945    7.142   24.891   -7.946    7.143    0.001
   -1.102  -16.905  -35.556   -1.102  -16.905  -35.556    0.000
   27.738    9.735  -29.959   27.737    9.734  -29.957    0.002
   10.493   21.677   41.156   10.492   21.688   41.159    0.012
   27.519   22.227    7.236   27.518   22.226    7.236    0.002
    0.278   16.896    3.833    0.278   16.895    3.833    0.001
   14.860   -4.662   59.589   14.859   -4.661   59.589    0.002
   30.717  -10.102  -16.119   30.715  -10.100  -16.119    0.003
  -13.075    2.857  -42.934  -13.075    2.857  -42.933    0.000
  -32.051  -10.714  -46.596  -32.051  -10.714  -46.596    0.000
   -8.252    9.746   36.911   -8.255    9.745   36.912    0.004
  -36.642  -19.527  -12.533  -36.647  -19.529  -12.530    0.007
   28.641    4.830   22.753   28.644    4.829   22.754    0.003
    4.200   23.147   27.399    4.200   23.147   27.399    0.000
