200 PA4-K-Unknown-Output.txt
  -13.525  -14.088   -3.311  -13.529  -14.099   -3.300    0.017
   31.441   11.320   14.787   31.466   11.331   14.799    0.030
  -17.844   -1.235  -47.048  -17.843   -1.244  -47.026    0.025
   -2.529   -5.049   62.569   -2.507   -5.024   62.553    0.037
   11.545   25.824   11.238   11.540   25.857   11.250    0.036
  -43.736   -7.511  -23.242  -43.734   -7.511  -23.243    0.002
   23.149  -10.370    0.830   23.189  -10.476    0.875    0.122
  -36.838  -21.688  -14.754  -36.865  -21.702  -14.739    0.034
   -8.672   -6.721   12.802   -8.708   -6.751   12.815    0.049
   35.860    1.720  -17.980   35.898    1.723  -17.991    0.040
   -6.849    6.465   42.489   -6.980    6.462   42.492    0.131
    9.658   22.512   -7.463    9.658   22.512   -7.463    0.000
   18.802   -2.662   49.017   18.712   -2.559   49.012    0.137
   20.832   12.591   58.149   20.708   12.549   58.128    0.132
   29.408   20.407  -18.812   29.494   20.528  -18.849    0.154
   29.791   14.017   15.534   29.860   14.061   15.556    0.085
  -39.716  -13.152  -13.864  -39.703  -13.150  -13.873    0.016
   29.734   20.865  -17.070   29.675   20.808  -17.055    0.084
   22.180    4.403   50.749   22.221    4.397   50.757    0.042
   18.940  -15.003  -16.624   18.940  -15.005  -16.626    0.003
    5.127    8.115  -15.223    5.104    8.068  -15.177    0.069
   -1.130  -21.672  -27.848   -1.154  -21.660  -27.845    0.027
    3.017  -16.222  -22.763    3.015  -16.221  -22.763    0.002
   17.846   -0.000   62.692   17.725    0.113   62.540    0.224
   20.618    0.397   52.176   20.664    0.374   52.182    0.052
   21.887   25.148  -11.188   21.928   25.266  -11.185    0.125
   -7.202    1.457   31.888   -7.278    1.451   31.896    0.076
   21.089    1.960   55.633   20.923    2.030   55.616    0.181
   -1.891   -5.304  -30.372   -1.790   -5.268  -30.455    0.136
   -7.417  -25.633  -17.348   -7.416  -25.635  -17.347    0.003
  -39.754   -1.812  -35.748  -39.825   -1.790  -35.778    0.080
  -29.777  -30.994  -27.775  -29.750  -30.926  -27.772    0.073
   -6.665    3.686   44.789   -6.706    3.682   44.790    0.041
   -7.337   -7.251  -44.377   -7.351   -7.255  -44.362    0.021
   27.049  -13.201  -14.249   26.904  -12.998  -14.269    0.251
   -1.922  -19.512  -12.272   -1.911  -19.533  -12.262    0.025
   27.902   -2.199   19.251   27.897   -2.195   19.247    0.008
  -12.180    5.381   11.976  -12.265    5.393   11.987    0.086
   15.128    1.212  -21.346   15.110    1.215  -21.392    0.049
  -28.782  -31.121  -30.320  -28.774  -31.104  -30.317    0.019
  -22.803   10.304  -34.833  -22.853   10.513  -34.877    0.220
   17.793   -5.081   33.239   17.791   -5.077   33.238    0.005
  -13.955  -23.348   -9.623  -13.955  -23.361   -9.610    0.018
    0.594   -8.892   24.272    0.595   -8.863   24.266    0.029
   15.553  -17.476   -7.079   15.554  -17.504   -7.074    0.029
   16.549   -4.635   45.567   16.626   -4.766   45.581    0.153
  -30.281  -18.640   -7.700  -30.281  -18.641   -7.700    0.000
    9.016   20.750   -8.407    8.978   20.764   -8.425    0.045
   19.465   -5.542   25.269   19.468   -5.552   25.272    0.010
  -38.979   -0.024  -17.367  -39.029    0.026  -17.326    0.082
   40.235    5.320   -1.294   40.184    5.325   -1.300    0.051
   15.608   -8.649   11.775   15.617   -8.698   11.790    0.052
   20.813   16.724   39.439   20.894   16.796   39.449    0.109
  -15.491   -6.049    2.287  -15.514   -6.057    2.305    0.030
   33.947   -5.019  -18.205   34.143   -5.178  -18.274    0.262
  -35.214   -8.625  -44.532  -35.251   -8.611  -44.575    0.059
   14.793   23.862  -20.579   14.777   23.889  -20.579    0.031
   -4.388    9.335   -6.710   -4.398    9.355   -6.714    0.023
   -6.695    7.365   54.279   -6.853    7.399   54.280    0.162
   20.939   13.922   49.246   21.044   13.991   49.261    0.127
   17.476  -12.259    2.947   17.453  -12.220    2.926    0.049
   14.231   25.566   -8.364   14.220   25.609   -8.374    0.046
   30.511    1.864  -28.049   30.497    1.864  -28.042    0.016
  -10.069    7.029   25.409  -10.186    6.978   25.436    0.131
   -4.662   10.783   -0.569   -4.691   10.819   -0.579    0.048
   20.551   16.904  -30.287   20.532   16.882  -30.254    0.045
  -10.466    6.781   -3.158  -10.470    6.787   -3.158    0.008
    0.150  -15.377  -31.488    0.108  -15.375  -31.486    0.042
  -18.122  -30.186  -37.103  -18.160  -30.017  -37.011    0.196
   15.183   -9.340  -21.167   15.185   -9.373  -21.201    0.047
   -7.114    5.281   59.030   -7.083    5.280   59.030    0.031
   33.022   -4.229   10.911   33.034   -4.241   10.925    0.022
  -11.981  -26.521  -14.621  -11.961  -26.566  -14.592    0.057
   -3.076    2.906  -26.287   -3.112    2.874  -26.262    0.054
   22.428    0.314   40.307   22.360    0.352   40.303    0.077
   -0.977   -8.394   25.307   -0.985   -8.533   25.346    0.145
   14.990   -4.680   55.993   15.075   -4.824   56.006    0.167
   -5.788   10.980   53.253   -5.865   11.007   53.255    0.082
   -5.381   11.094   55.244   -5.529   11.164   55.265    0.165
   26.983    7.055   28.018   26.980    7.055   28.017    0.004
   -6.354    4.671  -29.163   -6.316    4.705  -29.180    0.054
  -35.892  -25.229  -34.318  -35.865  -25.203  -34.304    0.040
  -27.726  -29.531  -17.071  -27.741  -29.550  -17.060    0.026
   37.923   10.500   -7.543   37.822   10.448   -7.522    0.116
   20.973  -12.536   -1.050   20.947  -12.493   -1.078    0.057
   -6.188   10.479   51.496   -6.073   10.439   51.497    0.121
  -23.882    9.106  -36.994  -23.910    9.192  -37.060    0.112
   20.904   -3.491   33.566   20.935   -3.534   33.573    0.054
   22.562   10.281  -30.941   22.561   10.284  -30.921    0.020
  -31.043  -28.909  -18.334  -31.001  -28.834  -18.369    0.094
  -28.593   -8.098  -47.684  -28.609   -8.085  -47.744    0.064
   40.508    4.441   -4.002   40.544    4.441   -3.999    0.036
    0.692    3.574  -22.490    0.656    3.544  -22.456    0.058
   11.881   20.817   54.776   11.880   20.765   54.769    0.052
   13.173   23.170   26.864   13.171   23.154   26.863    0.016
   15.128  -14.247  -16.271   15.112  -14.320  -16.327    0.093
   -7.051    2.730   34.629   -7.065    2.729   34.631    0.014
   18.579   26.350   -7.539   18.568   26.264   -7.535    0.087
   12.792  -15.345  -13.518   12.792  -15.351  -13.521    0.006
  -11.075    9.523  -20.470  -11.080    9.508  -20.473    0.016
  -14.730  -31.641  -24.351  -14.731  -31.637  -24.351    0.004
  -40.745   -0.227  -20.957  -40.786   -0.206  -20.956    0.046
    1.578    6.629  -18.473    1.580    6.631  -18.476    0.004
   -9.801  -22.981  -41.993   -9.870  -22.901  -41.916    0.131
   -1.783   17.702   48.415   -1.702   17.617   48.351    0.134
  -17.490  -28.421  -14.183  -17.476  -28.467  -14.152    0.056
  -39.584  -10.006  -39.933  -39.520  -10.001  -39.919    0.065
  -12.193   10.371   19.022  -12.214   10.367   19.021    0.022
   -7.788   18.114   39.625   -7.791   18.117   39.628    0.005
   20.478   12.826   58.994   20.468   12.822   58.993    0.011
  -10.796    6.576    3.832  -10.898    6.691    3.815    0.155
   -5.011    7.885  -18.622   -5.028    7.769  -18.580    0.125
   29.689   17.438   12.541   29.722   17.463   12.559    0.045
  -39.878   -8.019  -38.236  -39.998   -8.016  -38.268    0.123
  -31.499    5.587  -14.923  -31.440    5.514  -14.989    0.115
  -27.010  -31.503  -31.644  -27.043  -31.582  -31.659    0.087
  -12.817   -4.317    7.666  -12.775   -4.296    7.648    0.051
  -32.008    8.098  -31.954  -32.013    8.106  -31.958    0.009
   -3.676   -3.822   60.236   -3.719   -3.858   60.233    0.056
   19.022   -7.009  -23.520   19.010   -7.007  -23.545    0.028
  -28.716  -31.523  -24.946  -28.698  -31.480  -24.945    0.046
   19.248   21.479   26.284   19.320   21.613   26.311    0.155
   35.447   -3.631   -7.724   35.481   -3.669   -7.719    0.051
  -43.070  -11.165  -20.672  -43.124  -11.170  -20.661    0.055
  -15.271    8.660  -37.856  -15.268    8.669  -37.864    0.013
   -5.968  -26.977  -28.655   -6.013  -26.917  -28.645    0.075
  -32.099    4.099  -39.326  -32.072    4.073  -39.295    0.048
  -32.265    4.353  -38.829  -32.284    4.370  -38.849    0.032
   38.488    4.235    7.865   38.584    4.245    7.936    0.120
    2.374    3.095  -21.510    2.382    3.107  -21.526    0.021
  -39.372  -16.517  -14.582  -39.450  -16.548  -14.527    0.100
    3.238    3.015   63.542    3.238    3.015   63.539    0.004
   35.626    1.009  -18.894   35.663    1.011  -18.905    0.039
   21.838    3.410   53.339   21.632    3.452   53.302    0.213
   36.055   13.038  -11.261   36.052   13.036  -11.261    0.003
  -11.384  -30.284  -25.611  -11.341  -30.371  -25.601    0.098
    7.892   -8.434  -23.165    7.858   -8.502  -23.076    0.117
    9.037   14.001   -9.685    9.038   14.001   -9.683    0.002
   24.609   24.391    3.437   24.539   24.251    3.424    0.157
   13.982   -2.392   63.165   13.981   -2.397   63.097    0.068
   -0.079    5.291  -21.097   -0.040    5.343  -21.128    0.072
   18.570   -6.025   24.268   18.567   -6.010   24.266    0.015
   -4.384   -3.791   41.689   -4.324   -3.746   41.696    0.075
   -2.026   16.114   54.485   -2.036   16.127   54.487    0.016
   38.414    1.272    7.486   38.487    1.250    7.514    0.082
   -8.862   22.557   18.081   -8.854   22.518   18.109    0.049
  -17.576   -7.649   -1.069  -17.501   -7.635   -1.114    0.089
   35.431   -3.193   -3.855   35.453   -3.215   -3.853    0.031
   -8.255  -23.230  -12.907   -8.257  -23.228  -12.910    0.004
   -9.238    7.422   -8.390   -9.237    7.419   -8.390    0.003
   39.186    2.175  -10.640   39.090    2.180  -10.611    0.101
   -4.844   16.867   10.823   -4.933   16.937   10.735    0.144
   14.213   -5.897   41.399   14.224   -5.933   41.401    0.038
    0.229   18.944   48.579    0.295   18.813   48.554    0.148
   29.435   21.206  -13.567   29.482   21.278  -13.565    0.085
   24.181   -2.060  -27.158   24.199   -2.022  -27.106    0.067
   33.897   17.243    2.211   33.895   17.241    2.210    0.003
   26.132    8.394  -30.396   26.132    8.395  -30.390    0.006
   -4.277  -24.640  -30.536   -4.215  -24.697  -30.557    0.088
    6.417   20.408   44.870    6.411   20.451   44.874    0.044
   21.447   13.554   48.074   21.476   13.572   48.078    0.034
   -0.427   17.628   52.298   -0.451   17.664   52.303    0.044
   35.088   15.649   -8.534   34.972   15.555   -8.546    0.150
  -31.261  -10.350   -6.433  -31.212  -10.352   -6.493    0.077
   -6.444    8.174  -18.099   -6.447    8.154  -18.092    0.021
   31.838    0.556   15.471   31.889    0.540   15.513    0.068
   17.591   18.933  -30.310   17.618   18.975  -30.371    0.078
  -39.590  -15.354  -37.797  -39.524  -15.348  -37.785    0.068
   -6.085   10.560   53.110   -6.030   10.541   53.109    0.059
   -5.023  -24.168  -34.159   -5.004  -24.189  -34.167    0.030
   16.089    8.660  -19.862   15.936    8.630  -19.896    0.159
   20.575    2.261   59.416   20.580    2.260   59.417    0.005
  -12.026   10.136  -25.434  -12.068   10.075  -25.421    0.075
  -14.011   -0.773    7.093  -13.950   -0.762    7.070    0.066
  -22.232   -2.364   -6.981  -22.187   -2.409   -7.031    0.081
    2.216  -17.784  -22.421    2.219  -17.786  -22.423    0.005
   11.234   22.200   33.334   11.226   22.307   33.350    0.109
   -3.218   -4.831   43.394   -3.323   -4.953   43.396    0.161
   -6.632   15.750   42.705   -6.664   15.757   42.715    0.034
   24.808   -0.130   29.733   24.837   -0.145   29.740    0.033
  -22.906    1.027  -45.717  -22.907    1.012  -45.700    0.023
   -6.793  -24.540  -16.111   -6.832  -24.481  -16.140    0.076
  -24.389    9.540  -17.969  -24.392    9.525  -17.990    0.025
   11.144   20.220   59.452   11.171   20.460   59.481    0.243
   -6.222  -27.275  -27.300   -6.215  -27.285  -27.301    0.013
  -13.719   20.331   19.756  -13.772   20.360   19.725    0.068
  -37.607  -25.324  -25.398  -37.567  -25.287  -25.399    0.055
  -22.966  -12.800  -48.250  -22.973  -12.806  -48.234    0.018
  -11.284   12.746   34.898  -11.274   12.755   34.888    0.017
   34.297   14.400  -15.562   34.276   14.390  -15.553    0.025
   12.785   24.975   -9.248   12.848   24.863   -9.190    0.141
   -0.116   20.016   41.991   -0.126   20.047   41.995    0.033
   -4.384   20.508   38.668   -4.386   20.518   38.672    0.011
   -6.842    7.945   46.977   -6.776    7.940   46.974    0.066
   -1.928  -10.806   13.399   -1.877  -10.667   13.382    0.149
   40.298    2.555   -4.900   40.301    2.552   -4.899    0.004
   22.733   10.077   49.027   22.608   10.047   49.003    0.131
   16.617   22.356   31.750   16.595   22.222   31.758    0.136
    7.174   20.608   44.769    7.178   20.582   44.767    0.026
   32.212   13.639   12.485   32.249   13.665   12.526    0.061
