200 PA4-J-Unknown-Output.txt
   -0.975   -6.179   37.352   -1.013   -6.296   37.365    0.124
   -6.393    9.681   49.607   -6.329    9.661   49.605    0.067
   16.563    9.719  -23.937   16.566    9.720  -23.936    0.003
  -29.682  -28.690  -16.636  -29.673  -28.668  -16.645    0.025
   11.818   -9.869   11.257   11.832   -9.931   11.284    0.069
  -41.905   -1.234  -28.556  -41.954   -1.205  -28.559    0.057
   -9.014  -28.918  -28.961   -9.029  -28.896  -28.956    0.027
   34.852   15.316   -7.356   34.969   15.411   -7.344    0.151
    0.129  -11.534    8.479    0.134  -11.483    8.472    0.051
  -11.721  -16.794   -5.830  -11.721  -16.759   -5.860    0.046
   17.735  -12.142  -18.889   17.720  -12.183  -18.939    0.067
  -19.409  -26.397  -10.868  -19.414  -26.379  -10.884    0.025
  -19.932   11.839  -22.305  -19.931   11.952  -22.310    0.113
   -3.643   18.697   42.399   -3.673   18.752   42.420    0.066
  -12.241   10.931   18.140  -12.282   10.924   18.138    0.042
   -6.878   15.319   41.965   -6.989   15.342   42.001    0.118
   27.661   21.919  -18.290   27.711   21.982  -18.312    0.083
  -33.531    3.128  -38.950  -33.543    3.145  -38.964    0.024
    2.095  -16.336  -25.116    1.981  -16.270  -25.064    0.142
  -34.085    4.863  -36.456  -34.100    4.882  -36.466    0.026
  -30.733  -18.387  -45.660  -30.712  -18.378  -45.636    0.033
    1.785   -4.562  -26.132    1.718   -4.595  -26.045    0.115
   21.205    2.861  -27.330   21.219    2.868  -27.323    0.017
   28.472   20.756    9.850   28.468   20.751    9.848    0.008
   13.412   25.867   -6.692   13.402   25.918   -6.711    0.055
   22.788   24.543  -19.371   22.780   24.507  -19.364    0.037
   -0.613   18.332    7.014   -0.698   18.407    6.958    0.126
    8.441  -14.842   -0.343    8.438  -14.848   -0.340    0.008
   20.437   -0.151   51.620   20.466   -0.166   51.624    0.033
  -28.567  -12.072  -47.727  -28.572  -12.072  -47.740    0.015
   24.388   24.444   -7.309   24.372   24.407   -7.308    0.041
  -11.283   18.980   16.465  -11.217   18.960   16.553    0.111
   -8.577   -6.053   15.291   -8.497   -6.012   15.272    0.092
    8.488   20.361   -7.449    8.392   20.397   -7.495    0.113
   -0.173  -10.956   12.928   -0.169  -10.857   12.915    0.100
    1.777   18.967    4.155    1.796   18.956    4.169    0.025
    5.579  -16.567  -10.598    5.589  -16.589  -10.595    0.024
    4.876  -11.273  -23.779    4.910  -11.287  -23.807    0.046
   25.483   -8.558    5.778   25.478   -8.373    5.713    0.197
   -1.762   -8.509  -34.394   -1.786   -8.519  -34.396    0.026
    7.116   -5.563  -22.996    7.111   -5.565  -22.983    0.014
   20.925   18.382   34.547   20.857   18.340   34.533    0.081
  -27.282   11.001  -23.315  -27.323   11.115  -23.287    0.124
   23.720   -2.445   27.176   23.861   -2.629   27.237    0.239
  -11.778  -25.512  -40.759  -11.812  -25.461  -40.704    0.082
   -9.862  -15.264   -3.687   -9.868  -15.137   -3.768    0.151
  -23.187    6.220  -41.117  -23.184    6.254  -41.154    0.051
   -2.060    2.388  -25.528   -2.109    2.345  -25.494    0.073
    1.556   21.712    8.140    1.609   21.626    8.187    0.111
   -3.955   -3.085   52.078   -4.063   -3.174   52.102    0.142
  -39.633   -5.405  -38.347  -39.651   -5.401  -38.357    0.021
    5.855   24.522    6.286    5.883   24.483    6.295    0.048
   22.173  -10.103    2.627   22.149  -10.024    2.595    0.089
   -4.043    5.337  -23.541   -3.995    5.393  -23.575    0.081
    8.524   19.869   -8.228    8.538   19.863   -8.221    0.017
  -30.946   -4.107   -9.461  -30.946   -4.103   -9.454    0.008
   36.389   11.586  -11.860   36.382   11.585  -11.859    0.007
  -18.803  -32.583  -28.953  -18.804  -32.578  -28.953    0.006
   23.884    6.390   41.825   23.915    6.391   41.830    0.032
  -31.092    9.438  -29.354  -31.066    9.397  -29.350    0.049
   20.195   26.095   -8.876   20.132   25.931   -8.864    0.176
  -13.295   -2.619    7.794  -13.338   -2.626    7.810    0.046
  -17.949   -5.099   -0.918  -17.909   -5.091   -0.942    0.046
   34.322   12.182   10.737   34.356   12.188   10.764    0.044
    0.275   24.162   23.253    0.260   23.999   23.245    0.165
  -17.671  -26.751  -11.822  -17.673  -26.743  -11.829    0.011
   39.126    1.750  -10.457   39.117    1.751  -10.454    0.010
  -13.071   10.814  -25.368  -13.100   10.768  -25.360    0.055
   12.567   21.942   41.524   12.545   22.018   41.524    0.078
  -13.447    6.781  -12.504  -13.444    6.773  -12.506    0.008
  -19.937  -23.109   -8.434  -19.960  -23.042   -8.537    0.125
  -12.081   -0.945  -44.807  -12.080   -0.943  -44.809    0.003
   21.480  -16.418  -10.677   21.558  -16.556  -10.672    0.159
  -43.406  -14.734  -25.399  -43.406  -14.734  -25.399    0.000
   18.229  -17.126   -7.169   18.246  -17.204   -7.161    0.080
   -6.238   21.545   37.002   -6.242   21.440   36.929    0.128
   -8.639  -20.047  -43.260   -8.640  -20.046  -43.259    0.001
  -39.258  -17.245  -14.713  -39.279  -17.255  -14.696    0.029
    5.288   -8.019   24.584    5.279   -7.989   24.578    0.031
   11.876   21.035  -14.132   11.866   21.039  -14.135    0.011
   34.427   -5.017   -9.532   34.435   -5.025   -9.529    0.012
   32.332   10.621  -24.677   32.312   10.612  -24.662    0.026
  -42.402  -13.020  -18.674  -42.349  -13.008  -18.690    0.057
   27.632   22.982   -5.570   27.526   22.850   -5.577    0.169
  -23.552   10.892  -32.762  -23.577   11.002  -32.799    0.119
  -10.504   -9.631    4.037  -10.518   -9.668    4.055    0.044
  -15.224   12.738   23.426  -15.224   12.737   23.426    0.001
  -16.022  -24.466  -43.210  -16.036  -24.408  -43.142    0.090
   -7.000    2.621   34.147   -7.110    2.613   34.159    0.110
  -21.507  -13.919  -48.724  -21.508  -13.921  -48.728    0.004
   -7.485   -1.248   28.311   -7.519   -1.252   28.317    0.035
   30.009   -3.191   14.559   30.027   -3.220   14.586    0.043
   19.596   26.223   -5.418   19.607   26.308   -5.430    0.087
   -1.953   -8.022  -32.466   -1.867   -8.003  -32.513    0.099
  -25.457    5.756  -41.053  -25.459    5.762  -41.059    0.009
   20.443    4.557   62.051   20.505    4.542   62.089    0.074
  -24.136   10.242  -34.908  -24.135   10.241  -34.907    0.002
   17.795   -6.352   23.186   17.777   -6.235   23.174    0.119
   -4.100   -5.734   31.014   -4.336   -6.057   31.087    0.406
   19.737   -3.283   38.448   19.756   -3.309   38.455    0.033
    3.752   21.133   37.423    3.739   21.218   37.427    0.087
  -33.906  -26.857  -18.788  -34.036  -27.021  -18.738    0.216
   20.928    4.471  -28.107   20.903    4.454  -28.133    0.040
    6.643   -9.213   17.596    6.607   -9.091   17.558    0.134
  -14.865   -8.113    1.527  -14.838   -8.091    1.509    0.039
  -10.573  -19.673   -8.614  -10.573  -19.699   -8.577    0.046
   14.651   23.969   18.667   14.651   23.968   18.667    0.001
    3.669   -1.325  -23.559    3.621   -1.370  -23.451    0.127
   39.694    3.415    4.462   39.522    3.431    4.454    0.173
  -28.777  -13.551  -47.343  -28.809  -13.569  -47.423    0.089
    6.395   -7.387   57.587    6.391   -7.327   57.587    0.059
   37.744   10.292   -8.340   37.734   10.287   -8.338    0.011
   20.333  -16.746  -13.185   20.343  -16.763  -13.191    0.021
  -10.699  -20.054  -44.076  -10.704  -20.044  -44.057    0.023
  -21.358  -30.572  -36.628  -21.356  -30.552  -36.616    0.023
   -5.397   -1.144   44.773   -5.564   -1.204   44.772    0.177
   24.117   22.743  -22.442   24.155   22.801  -22.480    0.079
   29.449   16.755   13.882   29.408   16.724   13.852    0.060
   39.965    2.621   -2.575   39.965    2.621   -2.575    0.000
   25.415   -5.790   14.374   25.347   -5.589   14.339    0.215
  -10.948   -5.143  -46.462  -10.943   -5.139  -46.467    0.008
  -33.569    5.891  -17.284  -33.568    5.889  -17.285    0.002
  -41.463  -15.301  -30.177  -41.408  -15.318  -30.137    0.070
   20.336   25.118  -22.345   20.348   25.143  -22.350    0.027
  -14.545    3.891   -1.583  -14.451    3.786   -1.587    0.141
  -39.700  -11.681  -13.518  -39.687  -11.679  -13.527    0.017
  -10.734    7.832   24.356  -10.795    7.805   24.370    0.068
  -19.218   -7.101   -2.769  -19.243   -7.109   -2.726    0.050
   17.822  -17.397   -8.267   17.824  -17.404   -8.266    0.007
   -9.012   -6.884   11.579   -9.004   -6.875   11.577    0.012
   37.563   12.166    3.722   37.609   12.189    3.722    0.051
   27.598   13.667   20.809   27.566   13.650   20.799    0.038
  -29.383  -26.399  -13.028  -29.411  -26.448  -12.987    0.070
  -29.119    9.410  -31.638  -29.136    9.467  -31.662    0.064
   -1.597    0.946  -26.092   -1.608    0.942  -26.084    0.014
  -28.812  -29.985  -34.148  -28.827  -30.022  -34.164    0.043
   15.232    2.737  -21.366   15.240    2.736  -21.346    0.021
   23.766    5.491   42.203   23.769    5.490   42.203    0.002
   -4.929   -0.475  -36.764   -4.936   -0.479  -36.763    0.008
   16.867   -5.130   38.288   16.884   -5.166   38.290    0.041
  -28.752  -24.801  -10.695  -28.738  -24.776  -10.718    0.037
  -41.368  -14.964  -30.232  -41.284  -14.990  -30.171    0.106
   25.858   23.952   -1.309   25.890   24.015   -1.303    0.071
  -42.830  -16.237  -24.738  -42.887  -16.264  -24.729    0.064
   21.149   -6.806   14.213   21.151   -6.811   14.214    0.005
   -6.245    6.732   62.470   -6.215    6.722   62.437    0.046
   21.079  -12.627   -1.626   21.127  -12.709   -1.573    0.109
  -16.039   10.613  -33.275  -16.003   10.712  -33.303    0.109
   -1.969   10.307   -6.894   -1.970   10.310   -6.895    0.004
   13.082   -9.408   12.272   13.047   -9.254   12.204    0.172
  -29.951    8.948  -32.466  -29.933    8.890  -32.441    0.065
    2.594  -11.003   12.775    2.588  -10.909   12.764    0.095
  -35.155  -10.581   -8.106  -35.163  -10.582   -8.090    0.018
   10.161   23.164   25.519   10.163   23.277   25.532    0.114
   -6.849  -10.969  -44.107   -6.795  -10.973  -44.164    0.078
   -9.008    2.624   24.559   -9.068    2.611   24.576    0.063
  -14.289    0.813    5.452  -14.305    0.822    5.459    0.020
   10.013    2.128   63.152   10.014    2.124   63.108    0.045
   -5.958    8.691   -6.826   -5.948    8.663   -6.824    0.030
   30.062   -1.779   16.827   30.035   -1.758   16.806    0.040
  -28.510  -27.683  -38.712  -28.531  -27.726  -38.739    0.056
   -1.654   19.419    9.293   -1.624   19.387    9.316    0.050
   -2.969   -4.618   56.106   -3.006   -4.653   56.107    0.051
   39.087    9.721    2.926   39.039    9.708    2.922    0.050
   28.906   13.120  -27.241   28.875   13.097  -27.203    0.054
   -4.794   -4.101   35.238   -4.815   -4.120   35.238    0.029
   -4.106   -3.883  -39.030   -4.159   -3.910  -39.000    0.066
   -9.059  -17.982  -44.096   -9.019  -17.993  -44.149    0.067
   22.692  -14.506   -5.853   22.727  -14.548   -5.835    0.057
   12.606   17.211  -14.219   12.598   17.205  -14.224    0.012
   -1.806   -5.218   59.552   -1.995   -5.564   59.545    0.395
    9.326   -9.532  -22.306    9.315   -9.506  -22.266    0.049
  -27.944  -18.496   -7.190  -27.942  -18.497   -7.219    0.028
  -30.096   -7.274  -47.194  -30.090   -7.279  -47.170    0.026
   28.454   20.982    9.593   28.406   20.913    9.564    0.089
   17.895   13.852  -30.655   17.897   13.854  -30.650    0.006
  -23.876    5.132  -13.933  -23.856    5.028  -14.060    0.166
   10.272  -16.279   -9.735   10.271  -16.286   -9.735    0.007
   -7.196  -20.732  -41.218   -7.154  -20.767  -41.254    0.066
   20.656  -14.660   -3.860   20.669  -14.675   -3.844    0.026
   30.637  -10.249  -14.413   30.588  -10.212  -14.417    0.061
   21.092    5.245  -28.796   21.120    5.255  -28.767    0.042
    9.827   -8.339   17.729    9.826   -8.317   17.723    0.022
  -24.865  -32.528  -29.207  -24.845  -32.444  -29.205    0.086
  -22.235    8.351  -38.503  -22.233    8.303  -38.475    0.056
   -7.157    6.584   38.586   -7.315    6.550   38.586    0.162
   -8.531    8.421  -21.146   -8.556    8.387  -21.148    0.042
  -25.616  -31.189  -17.992  -25.614  -31.179  -17.993    0.010
   14.082    6.436   62.925   14.076    6.430   63.011    0.086
   25.757   23.779   -8.783   25.748   23.759   -8.783    0.022
    6.154  -12.413  -22.039    6.178  -12.438  -22.101    0.072
  -28.237  -31.021  -21.978  -28.307  -31.165  -21.942    0.165
   -3.777   -4.184   42.470   -3.969   -4.329   42.449    0.241
  -11.396   12.160   15.613  -11.348   12.148   15.644    0.059
    1.718  -18.840  -22.056    1.722  -18.843  -22.057    0.005
   10.754   24.036   21.869   10.747   23.899   21.847    0.139
  -39.179    2.111  -31.125  -39.220    2.140  -31.139    0.052
    0.175   19.581   44.248    0.174   19.584   44.250    0.003
  -12.982  -30.956  -29.176  -12.964  -31.010  -29.183    0.058
  -12.303   15.860   16.801  -12.278   15.865   16.838    0.045
