200 PA4-E-Debug-Output.txt
   29.384   10.732  -28.273   29.388   10.735  -28.278    0.007
    7.210    9.522  -13.248    7.212    9.588  -13.305    0.087
   -6.837    4.216   59.622   -6.795    4.232   59.618    0.045
   -0.233   18.873   45.880   -0.242   18.891   45.879    0.021
   -8.590    3.479   27.622   -8.467    3.508   27.587    0.131
  -22.307  -32.632  -24.873  -22.303  -32.690  -24.871    0.057
   -4.547  -21.564  -36.861   -4.473  -21.621  -36.913    0.108
   19.618  -15.455   -3.866   19.597  -15.373   -3.941    0.113
  -18.799   11.684  -31.706  -18.796   11.706  -31.711    0.023
  -12.247   10.729   18.691  -12.266   10.725   18.690    0.020
   27.757   11.598   22.902   27.603   11.554   22.850    0.168
   30.935   18.720  -17.781   30.986   18.751  -17.796    0.062
  -25.980    0.087  -12.039  -26.001    0.128  -11.993    0.064
    8.719   -6.532   38.391    8.729   -6.618   38.391    0.086
   -9.406  -13.419   -1.117   -9.410  -13.446   -1.100    0.033
   34.425   16.176   -1.554   34.297   16.059   -1.525    0.176
   14.710   26.691   -3.772   14.689   26.858   -3.802    0.171
   14.481   10.209  -16.549   14.481   10.209  -16.549    0.000
  -11.870    2.834   14.584  -11.891    2.832   14.587    0.021
   12.146   11.750  -12.309   12.142   11.754  -12.316    0.009
   23.867  -15.043   -9.851   23.724  -14.875   -9.879    0.223
  -15.293  -13.208   -3.222  -15.302  -13.229   -3.200    0.032
  -41.555  -19.341  -23.458  -41.486  -19.312  -23.463    0.076
   29.603   13.083   17.176   29.598   13.082   17.174    0.005
   21.427   25.886    0.556   21.405   25.828    0.551    0.062
   21.780   -3.948   29.235   21.603   -3.716   29.158    0.302
   17.644   -7.053   16.054   17.681   -7.203   16.081    0.157
  -10.075    9.360  -23.000  -10.104    9.315  -22.990    0.054
   -7.215    5.090  -30.531   -7.233    5.074  -30.523    0.025
   -0.408  -15.118  -34.681   -0.399  -15.117  -34.683    0.010
   26.193   21.714   11.220   26.187   21.705   11.216    0.012
  -34.094  -26.816  -18.337  -34.097  -26.820  -18.335    0.006
  -38.155    3.347  -21.854  -38.215    3.403  -21.831    0.086
  -42.385   -2.106  -25.183  -42.414   -2.094  -25.179    0.032
  -25.931  -15.337  -47.769  -25.936  -15.339  -47.789    0.021
   13.018   23.852  -11.153   12.925   24.019  -11.217    0.202
   18.622   25.750  -10.699   18.622   25.889  -10.719    0.141
   -2.461   -5.339   45.073   -2.471   -5.370   45.077    0.033
   26.748    7.726  -30.260   26.748    7.726  -30.260    0.000
   27.117   22.899    4.320   27.112   22.890    4.319    0.010
   -4.679   -2.436   53.610   -4.677   -2.435   53.611    0.002
  -16.126   18.742   25.762  -16.167   18.750   25.764    0.041
  -22.087  -12.807  -47.805  -22.083  -12.804  -47.815    0.012
   25.453  -13.717  -16.737   25.441  -13.688  -16.728    0.033
   -6.502   -8.116  -43.729   -6.503   -8.116  -43.728    0.001
  -21.340   10.498  -35.503  -21.339   10.510  -35.511    0.015
  -16.619  -27.947  -13.714  -16.626  -27.924  -13.730    0.029
  -37.390  -10.379  -10.210  -37.491  -10.391  -10.141    0.123
   37.955   11.431    2.437   38.036   11.482    2.444    0.096
  -21.608  -10.215   -3.947  -21.574  -10.199   -4.004    0.068
  -28.676  -31.068  -29.586  -28.745  -31.242  -29.594    0.187
   34.411    0.091  -21.849   34.536    0.090  -21.930    0.149
  -17.534   10.939  -21.206  -17.562   10.872  -21.236    0.079
   34.905   15.866   -9.904   34.875   15.841   -9.907    0.039
    7.422  -12.984  -20.875    7.415  -12.978  -20.871    0.011
   33.266   14.797   10.465   33.217   14.760   10.436    0.068
   11.844   26.900    4.823   11.862   26.849    4.813    0.055
  -41.933  -16.739  -29.287  -41.987  -16.756  -29.321    0.067
   -4.039   18.972   11.666   -4.010   18.944   11.689    0.046
   11.028   -7.555   19.714   11.033   -7.618   19.733    0.066
   40.517    2.628   -4.074   40.309    2.761   -4.109    0.249
   31.133   -6.967    7.185   31.129   -6.959    7.181    0.010
   10.070   -6.761   50.896   10.052   -6.687   50.901    0.076
   21.208   -3.695  -24.594   21.223   -3.695  -24.577    0.023
   -0.259   16.734    4.158   -0.254   16.728    4.164    0.010
    9.468   -7.056   60.570    9.473   -7.078   60.568    0.023
  -40.839  -10.811  -31.052  -40.960  -10.868  -31.126    0.153
    8.248   23.106   26.569    8.248   23.162   26.576    0.056
  -28.580  -30.305  -19.307  -28.565  -30.262  -19.330    0.051
   17.826   17.626   53.065   17.777   17.575   53.057    0.072
    5.809  -12.718  -21.949    5.864  -12.775  -22.088    0.159
   -7.554  -21.364  -41.119   -7.548  -21.369  -41.125    0.010
   -0.279   -7.897   28.102   -0.288   -7.975   28.116    0.079
   33.740    2.334   13.791   33.722    2.334   13.777    0.022
   -5.797   -0.309   49.604   -5.825   -0.319   49.604    0.029
  -33.485   -7.511   -8.447  -33.476   -7.535   -8.495    0.054
  -39.478  -21.985  -21.714  -39.582  -22.056  -21.699    0.127
  -34.514    6.736  -21.408  -34.455    6.663  -21.432    0.098
   35.891    6.305  -18.650   35.938    6.315  -18.670    0.052
  -12.097    9.115   20.813  -12.056    9.122   20.815    0.042
   16.826   22.076   30.264   16.827   22.085   30.264    0.009
   -4.191   -3.177   52.516   -4.062   -3.070   52.488    0.169
   -2.974   -0.208   63.393   -2.974   -0.208   63.424    0.031
   10.199   23.013   27.836   10.199   23.016   27.836    0.004
  -44.280  -10.023  -25.054  -44.265  -10.022  -25.050    0.016
   25.585   14.088  -28.606   25.588   14.093  -28.614    0.010
   18.464  -11.158  -19.958   18.450  -11.195  -19.999    0.057
   29.113   -1.320   18.576   29.063   -1.282   18.540    0.072
   26.524    1.754   27.173   26.643    1.709   27.217    0.135
  -20.241   -9.720   -3.367  -20.241   -9.720   -3.366    0.001
   -8.185   11.012    8.092   -8.128   10.951    8.111    0.086
  -27.424  -26.955  -12.053  -27.460  -27.011  -12.017    0.076
   -8.432   10.824    9.162   -8.528   10.914    9.125    0.137
    7.937   23.765   21.520    7.930   23.912   21.540    0.149
   31.383   12.736   14.124   31.348   12.723   14.100    0.045
    5.815   -7.104   34.691    5.808   -7.068   34.689    0.037
  -22.003   -1.091   -8.362  -22.112   -0.983   -8.241    0.196
  -16.563   -1.477    1.010  -16.680   -1.455    1.083    0.140
  -39.546    2.408  -29.307  -39.507    2.381  -29.305    0.047
   24.237   18.359   22.964   24.184   18.318   22.947    0.070
  -17.411  -30.583  -35.690  -17.418  -30.553  -35.674    0.035
   13.451   -8.420   14.200   13.448   -8.400   14.195    0.021
   -4.037  -15.929   -4.499   -4.038  -15.911   -4.510    0.021
  -39.521    2.400  -28.516  -39.528    2.404  -28.516    0.008
    6.531  -15.002  -18.982    6.468  -14.934  -18.955    0.097
   15.700   21.379   38.204   15.759   21.618   38.192    0.247
   30.120   13.975   15.817   29.929   13.854   15.758    0.234
   -3.693    8.372   63.342   -3.662    8.345   63.275    0.078
   18.296   12.097   63.034   18.302   12.097   63.119    0.085
    0.900   20.358   41.426    0.896   20.414   41.436    0.057
  -32.095  -11.848  -46.655  -32.090  -11.849  -46.636    0.020
  -17.503    0.234   -2.354  -17.534    0.244   -2.348    0.033
   -6.887   -0.504   33.369   -6.809   -0.488   33.360    0.080
   37.936    1.395  -13.601   37.958    1.395  -13.609    0.023
    5.919   21.310   36.625    5.917   21.445   36.630    0.136
  -30.649  -27.612  -15.926  -30.655  -27.619  -15.921    0.011
  -12.400    1.304   11.451  -12.432    1.306   11.461    0.034
    8.779  -13.579  -18.907    8.780  -13.581  -18.909    0.003
    2.048   10.253  -10.337    1.995   10.399  -10.391    0.165
   20.521   19.041   33.777   20.595   19.085   33.800    0.090
   -4.461  -12.567    2.306   -4.461  -12.540    2.297    0.029
  -28.465  -25.516  -11.242  -28.475  -25.526  -11.228    0.020
    6.935   -6.434   63.279    6.941   -6.422   63.248    0.033
  -32.577    7.331  -19.032  -32.556    7.302  -19.046    0.038
   -7.903   21.081   37.157   -7.852   20.931   37.053    0.190
   18.831  -13.910   -1.326   18.776  -13.786   -1.407    0.158
   31.411   -7.373    5.279   31.439   -7.416    5.282    0.052
   24.447    0.088   33.043   24.306    0.156   33.005    0.161
   -6.812    8.415   45.771   -6.812    8.414   45.771    0.001
   25.084   24.162   -7.138   25.060   24.109   -7.137    0.058
  -37.443  -23.716  -34.206  -37.341  -23.645  -34.169    0.130
   10.093   24.404   19.746   10.087   24.260   19.724    0.146
   -4.630  -23.209  -16.765   -4.583  -23.278  -16.731    0.090
   11.245   13.426  -11.312   11.232   13.430  -11.339    0.029
  -26.281  -29.100  -15.188  -26.266  -29.043  -15.211    0.063
  -31.252  -27.103  -15.693  -31.250  -27.100  -15.696    0.005
   25.260    7.360   34.832   25.126    7.347   34.800    0.138
    2.743  -11.668   10.564    2.752  -11.598   10.541    0.074
  -12.649    4.463    7.913  -12.682    4.486    7.915    0.040
  -24.177  -30.584  -35.435  -24.201  -30.724  -35.498    0.155
   12.535   12.879   63.046   12.536   12.879   63.097    0.051
  -42.731  -16.039  -22.970  -42.716  -16.032  -22.972    0.016
   -5.549   -5.267   29.033   -5.511   -5.230   29.032    0.054
   -6.929    5.043   59.648   -7.078    4.986   59.662    0.160
  -30.639  -19.040   -7.943  -30.627  -19.034   -7.967    0.027
   -4.887   14.216    7.713   -4.876   14.203    7.726    0.021
   -4.103   -3.082   53.974   -4.168   -3.134   53.965    0.083
  -14.031   22.637   25.989  -14.091   22.703   25.987    0.089
  -38.120   -0.235  -37.701  -38.079   -0.264  -37.674    0.058
   13.276   25.027   14.371   13.287   25.098   14.386    0.073
  -15.185  -31.893  -25.638  -15.197  -31.851  -25.641    0.044
   -8.321   11.201    8.753   -8.221   11.108    8.791    0.142
   -7.096    6.432   57.036   -7.093    6.432   57.036    0.003
   -1.248   11.967   63.025   -1.252   11.971   63.042    0.018
  -28.190  -21.578   -7.707  -28.180  -21.569   -7.727    0.024
  -21.460   -0.696  -46.702  -21.461   -0.698  -46.698    0.005
   -3.208  -20.821  -13.653   -3.218  -20.800  -13.663    0.026
  -42.075   -9.689  -17.461  -42.130   -9.695  -17.436    0.061
    7.449   -7.134   50.090    7.444   -6.955   50.103    0.180
  -23.486  -28.205  -13.259  -23.485  -28.198  -13.264    0.009
  -22.866    5.383  -14.213  -22.868    5.390  -14.204    0.012
  -39.680    1.896  -22.612  -39.729    1.931  -22.597    0.062
   -9.260  -27.093  -16.654   -9.349  -26.993  -16.729    0.154
  -10.366  -18.103  -44.736  -10.370  -18.101  -44.738    0.005
    0.059   21.663   11.151    0.090   21.608   11.174    0.067
   32.358   18.612    3.093   32.433   18.684    3.100    0.103
   21.168  -13.763   -3.134   21.162  -13.753   -3.142    0.015
   20.584   -1.118   46.494   20.605   -1.140   46.500    0.032
    3.049    8.643   63.366    3.049    8.645   63.396    0.030
   -2.495  -10.626  -39.236   -2.484  -10.627  -39.244    0.013
    6.599   19.635   57.667    6.540   19.799   57.673    0.175
  -34.441   -2.623  -10.748  -34.516   -2.620  -10.700    0.090
   22.018   17.855  -28.688   22.024   17.862  -28.698    0.014
   21.378    4.607   59.381   21.069    4.669   59.349    0.317
   13.989   22.669   30.667   13.975   22.585   30.672    0.085
   -3.529   -5.192   38.637   -3.482   -5.144   38.628    0.068
   23.713    9.222   42.364   23.671    9.219   42.356    0.043
   -1.987   -6.474   35.318   -1.977   -6.439   35.310    0.036
  -36.835  -25.831  -27.832  -36.882  -25.879  -27.840    0.067
   -7.211   11.489   42.319   -7.190   11.489   42.312    0.022
  -41.513  -19.383  -22.954  -41.433  -19.349  -22.960    0.087
  -11.784   15.379   36.129  -11.760   15.391   36.107    0.034
  -25.628   -6.348  -47.858  -25.633   -6.349  -47.834    0.024
   -1.043  -10.339  -34.760   -1.023  -10.335  -34.764    0.020
  -28.161    2.775  -13.361  -28.159    2.767  -13.378    0.019
   -4.937   13.416   50.968   -4.960   13.430   50.973    0.028
   -6.213    2.522  -32.110   -6.091    2.571  -32.110    0.131
  -28.628   10.519  -22.720  -28.619   10.496  -22.726    0.025
   -0.308  -20.470  -25.722   -0.292  -20.479  -25.726    0.019
   -3.892   -9.627   14.352   -3.920   -9.692   14.364    0.073
   -2.049  -10.849  -37.799   -1.983  -10.854  -37.812    0.067
  -11.108  -19.156  -44.943  -11.105  -19.158  -44.941    0.004
  -25.595   11.635  -24.656  -25.597   11.649  -24.655    0.014
   -4.020  -19.488  -38.408   -4.012  -19.493  -38.416    0.012
    4.497  -17.354  -15.187    4.460  -17.289  -15.188    0.075
   16.747    7.099   63.177   16.745    7.100   63.145    0.031
  -41.536   -2.382  -32.270  -41.467   -2.402  -32.241    0.077
  -34.669   -8.365   -8.360  -34.688   -8.338   -8.313    0.057
    7.207   18.833   61.428    7.217   18.891   61.475    0.076
    7.580   -6.026   63.389    7.580   -6.026   63.421    0.032
