200 PA4-G-Unknown-Output.txt
    7.973   20.769   -6.447    7.971   20.769   -6.448    0.002
   -8.267   15.586   13.130   -8.271   15.589   13.124    0.008
   16.255   23.187  -27.408   16.254   23.186  -27.407    0.001
   30.730   -4.300  -25.647   30.730   -4.300  -25.647    0.000
  -39.426  -17.231  -36.504  -39.422  -17.230  -36.504    0.004
  -14.881    4.612   -7.381  -14.880    4.611   -7.382    0.002
   14.632   -5.744   39.513   14.632   -5.744   39.513    0.000
   22.916   -8.986    4.834   22.915   -8.986    4.834    0.000
    9.496   -6.548   34.434    9.495   -6.541   34.433    0.007
  -42.801   -2.941  -26.393  -42.797   -2.943  -26.393    0.005
   29.106   17.379  -22.918   29.111   17.384  -22.924    0.009
   24.983   16.261   24.389   24.982   16.261   24.389    0.001
   28.274   -1.991   18.907   28.277   -1.993   18.909    0.004
  -36.573  -11.332  -43.950  -36.577  -11.332  -43.953    0.006
  -38.789  -10.942  -41.101  -38.788  -10.942  -41.100    0.001
   32.536   -7.724  -17.427   32.542   -7.729  -17.429    0.008
   -8.607  -12.275    1.090   -8.608  -12.278    1.092    0.004
  -25.196    6.485  -40.405  -25.195    6.484  -40.404    0.001
    1.381   22.954   30.026    1.381   22.956   30.027    0.002
  -34.709  -27.852  -25.299  -34.714  -27.859  -25.299    0.009
  -12.683    5.072    1.960  -12.680    5.067    1.959    0.005
  -33.803  -26.892  -17.972  -33.804  -26.893  -17.971    0.002
    9.181    2.015  -19.613    9.180    2.012  -19.610    0.004
  -24.907   -1.642  -47.160  -24.908   -1.642  -47.161    0.001
  -11.977    9.448  -19.158  -11.976    9.453  -19.156    0.006
  -28.484    8.249  -35.770  -28.485    8.251  -35.772    0.003
    8.604   10.139   63.215    8.604   10.139   63.214    0.002
   18.061   17.312   52.897   18.065   17.315   52.898    0.005
  -16.174   11.802  -26.636  -16.175   11.799  -26.636    0.003
   34.349   -6.097  -12.590   34.345   -6.095  -12.590    0.005
   19.325   26.139   -8.045   19.326   26.143   -8.046    0.004
  -39.185   -0.626  -36.047  -39.180   -0.629  -36.045    0.006
   31.044   -9.557  -13.866   31.043   -9.556  -13.867    0.002
   -7.340  -13.840   -1.249   -7.341  -13.847   -1.245    0.008
  -35.103   -7.719  -44.397  -35.105   -7.718  -44.400    0.004
   32.987   13.727   11.811   32.987   13.727   11.811    0.001
  -19.543   -6.453   -2.757  -19.545   -6.454   -2.754    0.004
   10.942  -16.557   -7.554   10.942  -16.560   -7.554    0.002
  -11.237  -13.507  -46.910  -11.236  -13.508  -46.912    0.002
    2.364  -18.425  -16.612    2.363  -18.423  -16.612    0.002
   17.853   22.771   22.538   17.856   22.779   22.539    0.008
   -5.669  -24.546  -34.831   -5.670  -24.544  -34.830    0.003
  -16.122  -31.413  -32.618  -16.123  -31.409  -32.617    0.004
   -8.873  -20.847   -9.685   -8.872  -20.848   -9.682    0.003
   29.736   15.958   14.207   29.735   15.957   14.206    0.002
  -30.942  -10.569   -6.266  -30.942  -10.569   -6.266    0.000
   -3.910  -23.070  -34.291   -3.911  -23.069  -34.291    0.001
   32.218   15.515  -19.905   32.218   15.514  -19.905    0.001
   24.939   -5.304   16.271   24.938   -5.301   16.271    0.003
  -25.560  -30.896  -34.596  -25.560  -30.895  -34.595    0.001
  -16.951   -7.706   -0.280  -16.951   -7.705   -0.281    0.000
   23.399   20.356   19.404   23.402   20.359   19.406    0.005
  -11.537  -20.180   -8.937  -11.537  -20.181   -8.936    0.001
   -7.139   -2.950   29.167   -7.143   -2.951   29.168    0.004
   -7.070    1.067   33.560   -7.065    1.068   33.559    0.005
  -13.564  -20.150  -44.993  -13.563  -20.152  -44.996    0.003
  -19.157    7.654  -15.941  -19.156    7.652  -15.943    0.002
  -33.552    5.935  -17.375  -33.552    5.935  -17.375    0.001
   10.599   24.957   14.552   10.599   24.952   14.552    0.006
   23.406   16.533   29.178   23.404   16.532   29.177    0.003
   -5.018    0.276  -33.503   -5.017    0.276  -33.503    0.002
   15.551   18.407   59.227   15.546   18.401   59.226    0.008
  -12.918   11.353   19.611  -12.922   11.349   19.609    0.006
   20.658   21.207   24.164   20.658   21.207   24.164    0.000
   -3.206    7.777  -17.931   -3.206    7.779  -17.931    0.002
   32.809   17.738  -13.163   32.809   17.738  -13.163    0.000
   15.377  -17.026  -10.657   15.376  -17.030  -10.658    0.005
   -8.954  -22.465  -41.523   -8.955  -22.464  -41.522    0.002
   26.291   -9.951    1.121   26.291   -9.947    1.119    0.004
  -21.929  -32.516  -31.260  -21.929  -32.519  -31.261    0.003
  -33.107   -6.796  -45.537  -33.109   -6.795  -45.540    0.004
  -39.481  -13.623  -38.806  -39.483  -13.623  -38.806    0.001
   -6.682   10.783   44.537   -6.690   10.784   44.538    0.008
   23.957   -0.536   33.067   23.953   -0.534   33.066    0.005
  -15.966    9.981  -20.030  -15.966    9.982  -20.029    0.001
  -15.006   13.107   30.104  -15.008   13.105   30.106    0.004
    3.089   22.614    8.169    3.091   22.611    8.170    0.004
   -2.380    1.517  -26.785   -2.383    1.516  -26.783    0.004
   -4.135   14.276   53.604   -4.136   14.277   53.604    0.001
  -21.355    3.921  -43.201  -21.355    3.921  -43.200    0.000
   -8.883   -1.518   22.046   -8.879   -1.517   22.045    0.005
   13.876    6.895  -17.231   13.879    6.894  -17.229    0.005
  -35.959  -20.526  -12.518  -35.958  -20.524  -12.521    0.004
   23.777    7.538  -30.408   23.776    7.538  -30.409    0.001
   20.535   22.177   19.779   20.538   22.184   19.781    0.008
    5.776   18.768   -3.789    5.779   18.767   -3.788    0.003
    5.298   23.963   20.405    5.298   23.966   20.405    0.003
   14.538    4.077  -19.610   14.540    4.076  -19.608    0.002
   25.579   23.948    1.108   25.580   23.950    1.108    0.002
   31.278   18.804  -16.293   31.274   18.801  -16.292    0.005
   15.187   11.754   63.173   15.187   11.754   63.174    0.000
   -9.076  -20.912  -42.963   -9.077  -20.911  -42.962    0.001
   19.034   21.646   26.829   19.040   21.658   26.832    0.014
  -14.211  -23.390   -9.635  -14.211  -23.389   -9.637    0.002
   19.963   12.319   62.133   19.962   12.318   62.131    0.003
  -24.853    7.783  -16.479  -24.853    7.788  -16.475    0.007
  -14.346  -15.518  -47.692  -14.346  -15.519  -47.693    0.001
   38.912   10.149    1.151   38.921   10.155    1.151    0.011
   10.885  -14.755  -15.630   10.886  -14.758  -15.631    0.003
  -11.664    7.033   19.028  -11.660    7.033   19.029    0.004
  -35.415  -22.800  -14.309  -35.416  -22.801  -14.309    0.001
  -34.694    5.156  -17.867  -34.698    5.160  -17.865    0.006
   17.604   -4.413   43.482   17.600   -4.406   43.481    0.008
    4.448   -3.216   63.375    4.448   -3.216   63.376    0.001
    1.517   18.709    4.344    1.517   18.708    4.345    0.000
   38.561    0.223    6.321   38.563    0.222    6.322    0.002
   20.085  -13.599   -2.039   20.086  -13.601   -2.038    0.002
   32.575   12.515  -22.931   32.573   12.514  -22.930    0.002
   -0.714  -15.659   -4.755   -0.715  -15.652   -4.759    0.008
   -3.251   -3.775  -33.050   -3.251   -3.775  -33.050    0.001
  -38.265  -15.297  -12.433  -38.267  -15.297  -12.432    0.003
  -39.322    1.853  -21.206  -39.319    1.851  -21.207    0.003
   28.812   -7.013    8.843   28.813   -7.015    8.844    0.002
   18.884   -2.279   50.818   18.884   -2.279   50.818    0.001
    2.562  -15.664  -24.535    2.563  -15.664  -24.535    0.001
   -8.573  -15.954   -4.804   -8.573  -15.954   -4.804    0.001
  -13.325    5.495   -7.875  -13.323    5.491   -7.876    0.005
  -17.720   -4.318  -47.544  -17.720   -4.318  -47.542    0.002
   -3.334   16.222    8.319   -3.337   16.224    8.317    0.004
   30.822    3.003   17.967   30.822    3.003   17.967    0.000
   30.989    8.218  -27.556   30.990    8.218  -27.557    0.001
    3.791   -7.375   59.797    3.792   -7.369   59.797    0.007
   25.249   -2.888   23.251   25.247   -2.885   23.250    0.004
   22.640    1.702   43.757   22.641    1.701   43.757    0.002
   -8.571  -18.410   -7.471   -8.571  -18.408   -7.472    0.002
  -17.927   -1.718   -1.121  -17.928   -1.718   -1.121    0.000
   36.381   13.718    6.432   36.381   13.719    6.433    0.001
   -0.482   16.894   58.606   -0.481   16.892   58.606    0.002
   16.550  -11.777  -18.929   16.551  -11.775  -18.926    0.003
   -3.635   24.012   19.799   -3.635   24.011   19.799    0.001
   30.375   -8.737   -0.420   30.375   -8.737   -0.420    0.000
    0.679   11.020   -7.667    0.678   11.024   -7.669    0.005
   -9.320  -11.029    2.726   -9.318  -11.025    2.722    0.006
  -12.547    4.759    7.172  -12.541    4.754    7.171    0.008
  -34.687  -18.699  -10.385  -34.686  -18.698  -10.387    0.003
   -1.841  -10.398  -37.226   -1.840  -10.398  -37.226    0.001
   24.804   -4.109  -26.340   24.804   -4.109  -26.340    0.000
   21.117    8.095  -29.228   21.117    8.095  -29.227    0.000
   16.792   -8.960   10.224   16.792   -8.962   10.224    0.002
   -6.910    7.279   56.729   -6.924    7.281   56.728    0.014
   12.891   -7.454   18.787   12.891   -7.459   18.788    0.005
  -14.959    6.897  -40.072  -14.959    6.897  -40.072    0.000
   13.105   23.106  -15.285   13.105   23.105  -15.285    0.001
  -38.666   -2.740  -38.655  -38.668   -2.740  -38.656    0.003
   -8.686    8.502  -21.459   -8.683    8.506  -21.459    0.005
    1.666   -5.068  -26.264    1.667   -5.067  -26.265    0.001
  -22.753   -1.946  -47.490  -22.753   -1.945  -47.490    0.001
   10.364   21.115   48.039   10.366   21.109   48.040    0.007
   -5.261    0.515  -35.837   -5.262    0.515  -35.836    0.001
  -25.917   11.612  -24.864  -25.918   11.619  -24.864    0.007
  -13.768   10.157  -20.008  -13.768   10.154  -20.010    0.003
   -9.378   14.450   38.202   -9.378   14.450   38.203    0.001
  -25.702   -7.981   -6.572  -25.704   -7.980   -6.569    0.004
   -3.314  -24.847  -23.871   -3.319  -24.842  -23.872    0.008
   -8.963  -11.065  -46.096   -8.964  -11.064  -46.096    0.001
   20.468   11.648   61.208   20.467   11.648   61.208    0.001
  -28.860    3.739  -41.510  -28.859    3.736  -41.507    0.005
  -39.925  -22.331  -27.546  -39.926  -22.332  -27.546    0.001
    5.740   24.411   16.829    5.741   24.404   16.828    0.006
   17.207   18.513   50.385   17.210   18.516   50.385    0.003
   34.745   11.380  -18.099   34.751   11.382  -18.101    0.006
  -25.453   11.311  -22.629  -25.454   11.315  -22.628    0.005
   -0.440   23.719   17.692   -0.440   23.718   17.692    0.001
  -34.838  -24.476  -15.756  -34.838  -24.476  -15.757    0.000
   36.432   13.502    6.761   36.428   13.499    6.759    0.005
  -35.054   -0.143  -41.198  -35.056   -0.141  -41.201    0.005
   -4.427  -20.365  -11.597   -4.427  -20.365  -11.597    0.000
    0.659    8.391  -15.363    0.659    8.393  -15.364    0.003
   38.675    2.439  -11.819   38.673    2.439  -11.819    0.001
  -10.462   24.746   24.492  -10.464   24.754   24.492    0.008
   34.422   -3.140   10.559   34.423   -3.140   10.559    0.001
   23.302   11.702   41.414   23.293   11.699   41.413    0.010
    8.404   18.001   -8.660    8.404   18.001   -8.660    0.000
  -33.819    5.522  -16.728  -33.817    5.518  -16.730    0.004
   -5.805   11.042   59.387   -5.813   11.046   59.387    0.010
  -22.945  -17.584   -6.264  -22.945  -17.584   -6.266    0.001
   19.885    6.690  -27.770   19.883    6.689  -27.771    0.002
   -0.232   17.447    5.099   -0.235   17.450    5.096    0.005
   35.174   14.998   -3.580   35.176   15.001   -3.580    0.003
  -43.454  -14.590  -25.515  -43.453  -14.590  -25.515    0.001
   -6.473    1.503   40.559   -6.477    1.503   40.559    0.003
  -23.932  -30.722  -17.252  -23.931  -30.726  -17.250    0.004
   -9.522   24.466   29.575   -9.522   24.464   29.575    0.002
  -38.731  -22.869  -20.201  -38.728  -22.866  -20.202    0.004
   29.727   -6.304   10.163   29.726   -6.303   10.162    0.001
   13.651   -2.318   63.098   13.651   -2.318   63.096    0.002
   -2.261    5.140   63.361   -2.261    5.140   63.361    0.000
   25.333   -8.734    4.708   25.333   -8.731    4.707    0.003
   26.131   -9.009    3.842   26.131   -9.011    3.843    0.002
  -41.611   -1.498  -22.519  -41.611   -1.498  -22.519    0.001
    4.384  -17.091  -17.692    4.383  -17.089  -17.692    0.003
  -30.489  -29.228  -34.252  -30.489  -29.228  -34.252    0.000
   15.220   24.840   14.151   15.222   24.855   14.155    0.016
   -9.427  -11.403    2.351   -9.429  -11.406    2.355    0.005
  -11.693  -25.178  -40.899  -11.694  -25.175  -40.896    0.003
   14.133   -2.665  -22.160   14.133   -2.665  -22.159    0.001
   35.985    4.684   11.042   35.986    4.684   11.043    0.000
    1.037   21.943    9.798    1.039   21.940    9.798    0.004
   16.758   -5.225   38.541   16.754   -5.216   38.541    0.009
    7.721   20.233   56.929    7.717   20.244   56.929    0.012
