200 PA4-H-Unknown-Output.txt
   21.467   -4.730   24.824   21.470   -4.737   24.825    0.007
   -6.778  -25.802  -18.500   -6.774  -25.807  -18.498    0.007
   -9.796   -2.697   16.380   -9.794   -2.696   16.380    0.002
   -5.916   10.663   57.527   -5.919   10.665   57.527    0.003
    4.694   14.067   -6.360    4.692   14.070   -6.363    0.005
   11.610   13.634  -11.480   11.610   13.634  -11.480    0.000
    1.488   -6.935   53.884    1.484   -6.946   53.883    0.012
   -1.759   -7.161  -31.983   -1.757   -7.161  -31.984    0.002
   -6.105   11.155    3.913   -6.103   11.152    3.915    0.004
   22.945    6.967  -30.102   22.948    6.967  -30.096    0.007
  -19.214    7.169  -15.432  -19.214    7.170  -15.431    0.001
   21.417   20.516   25.373   21.415   20.513   25.372    0.004
  -14.189    4.904   -6.868  -14.187    4.900   -6.868    0.005
    8.301  -13.024    4.358    8.301  -13.025    4.358    0.000
    3.211  -18.017  -12.644    3.211  -18.017  -12.644    0.000
  -15.879  -11.250  -48.524  -15.879  -11.250  -48.521    0.003
  -13.721  -18.238  -46.244  -13.721  -18.238  -46.245    0.000
   14.228   21.829   46.481   14.227   21.828   46.481    0.001
   -9.620   -2.979   16.918   -9.619   -2.979   16.918    0.002
    0.032   17.502   56.499    0.031   17.503   56.499    0.002
   -6.476    3.520  -32.609   -6.472    3.522  -32.609    0.004
   25.140   -8.232    6.125   25.140   -8.236    6.126    0.005
   -7.856  -23.782  -39.000   -7.862  -23.775  -38.994    0.011
    6.914   22.037   -2.418    6.912   22.038   -2.419    0.002
   33.061    7.298   14.095   33.053    7.296   14.090    0.009
   33.464   14.938    9.775   33.467   14.940    9.777    0.005
   14.067   -9.109   11.844   14.065   -9.104   11.843    0.005
  -23.939   10.334  -34.635  -23.939   10.335  -34.635    0.001
   -0.363  -15.155  -34.537   -0.363  -15.156  -34.537    0.001
  -33.167  -18.118  -43.988  -33.168  -18.119  -43.990    0.002
   -3.812   -3.627   57.827   -3.820   -3.634   57.828    0.010
   17.656   17.101   56.699   17.643   17.090   56.697    0.017
   17.912    0.229   62.460   17.918    0.222   62.469    0.012
  -16.184    4.240  -42.970  -16.184    4.240  -42.969    0.001
   -2.088  -14.956   -3.168   -2.088  -14.955   -3.168    0.001
   14.034  -13.611  -16.860   14.034  -13.613  -16.862    0.002
  -34.803  -19.107  -10.760  -34.804  -19.108  -10.758    0.002
   -4.587   15.781    9.132   -4.585   15.778    9.134    0.004
  -11.482    6.875   17.662  -11.493    6.873   17.661    0.010
   22.583   -3.899  -25.757   22.584   -3.899  -25.756    0.001
   -0.925  -21.017  -28.652   -0.922  -21.019  -28.652    0.004
  -32.472  -25.959  -15.184  -32.470  -25.957  -15.186    0.004
  -11.999   19.071   35.664  -11.998   19.071   35.663    0.000
   11.929   25.536   -6.291   11.930   25.534   -6.291    0.002
    2.203   -6.883  -26.311    2.207   -6.882  -26.316    0.007
   31.844    1.066  -25.743   31.849    1.066  -25.746    0.005
    3.937   12.936   -6.945    3.940   12.932   -6.942    0.006
    2.033   -6.830   44.006    2.033   -6.828   44.006    0.002
   24.065    2.878   38.348   24.065    2.878   38.348    0.000
    4.209   -2.277   63.356    4.209   -2.277   63.353    0.003
  -28.182    4.263  -14.029  -28.182    4.263  -14.026    0.003
   20.659    0.922  -25.435   20.659    0.921  -25.435    0.001
   17.187    7.096   63.102   17.187    7.096   63.105    0.002
   -6.117   10.870   48.665   -6.113   10.869   48.664    0.005
   19.146   -4.871   31.260   19.147   -4.873   31.261    0.002
   -1.096  -10.792  -35.429   -1.098  -10.792  -35.429    0.002
   19.041   -0.865   58.506   19.039   -0.863   58.505    0.004
    3.177   -9.141   20.401    3.176   -9.138   20.400    0.003
   26.590    7.713  -30.276   26.589    7.714  -30.271    0.005
   -6.449    3.058  -35.118   -6.453    3.056  -35.117    0.005
   -2.626   -6.032  -35.294   -2.626   -6.031  -35.294    0.000
  -15.077  -14.654  -48.102  -15.077  -14.655  -48.104    0.002
   19.003   -7.603   13.167   19.003   -7.603   13.167    0.000
  -11.450  -29.725  -32.026  -11.450  -29.726  -32.026    0.001
  -19.348  -20.320   -6.943  -19.347  -20.321   -6.941    0.002
   22.665   14.093   38.131   22.664   14.092   38.131    0.001
    8.430   -6.686   34.994    8.430   -6.682   34.994    0.004
  -12.195   10.125  -25.639  -12.200   10.118  -25.637    0.009
  -26.262    2.145  -44.110  -26.262    2.147  -44.112    0.003
   35.651   14.004  -11.291   35.649   14.004  -11.291    0.002
  -17.771   -1.093   -1.292  -17.767   -1.094   -1.293    0.004
   -0.722  -21.427  -22.719   -0.724  -21.425  -22.719    0.003
    2.699  -13.105    1.051    2.700  -13.094    1.049    0.011
   -3.956   13.954    5.820   -3.951   13.950    5.822    0.007
  -25.301   -9.405   -6.253  -25.299   -9.405   -6.257    0.005
  -13.719    4.514   -3.266  -13.714    4.509   -3.266    0.007
   17.594   25.328  -20.265   17.593   25.333  -20.265    0.005
  -26.288  -24.086  -43.361  -26.289  -24.089  -43.365    0.005
   16.213   10.560  -23.016   16.210   10.559  -23.016    0.004
   -8.529    2.745   26.725   -8.530    2.744   26.726    0.001
   25.109   24.040    2.623   25.108   24.039    2.623    0.001
   35.899   -2.600    9.092   35.896   -2.598    9.090    0.004
  -34.398  -14.466   -8.130  -34.398  -14.466   -8.129    0.001
  -15.726   20.449   25.112  -15.720   20.446   25.112    0.006
  -18.258  -28.037  -13.161  -18.257  -28.039  -13.160    0.002
   14.938   -0.425   62.983   14.938   -0.425   62.984    0.001
  -33.275  -26.968  -17.205  -33.275  -26.968  -17.205    0.000
  -23.835   10.707  -33.513  -23.834   10.702  -33.511    0.006
   12.379    2.319  -19.747   12.379    2.320  -19.748    0.002
   -6.318    9.499   -1.847   -6.316    9.498   -1.847    0.002
    6.586  -12.805    4.463    6.586  -12.804    4.463    0.001
  -30.767  -30.027  -31.222  -30.768  -30.030  -31.223    0.002
  -17.931   -8.182  -48.473  -17.931   -8.181  -48.474    0.001
  -27.876    0.837  -12.507  -27.877    0.838  -12.504    0.003
  -12.280  -22.486  -10.193  -12.281  -22.486  -10.194    0.002
   -6.799   21.226   15.487   -6.797   21.218   15.493    0.011
  -17.064  -28.475  -14.345  -17.065  -28.472  -14.347    0.004
   24.939   22.856    9.704   24.936   22.849    9.703    0.007
  -22.697    3.391  -43.853  -22.697    3.388  -43.850    0.004
   28.353   22.010  -12.864   28.351   22.007  -12.864    0.004
   16.832    0.424   62.959   16.832    0.424   62.962    0.003
   -6.482    1.496   43.377   -6.477    1.497   43.377    0.005
   21.612   -5.637   20.580   21.612   -5.638   20.580    0.000
   37.393    1.699  -14.705   37.390    1.698  -14.703    0.003
   37.874    7.325  -11.146   37.875    7.326  -11.147    0.002
   22.234    2.121   46.516   22.231    2.123   46.516    0.003
    1.450    0.980  -23.868    1.450    0.980  -23.868    0.000
   -9.616    8.213   29.958   -9.617    8.212   29.958    0.002
   15.763   -5.907   31.296   15.763   -5.910   31.296    0.003
   14.557   -6.069   30.965   14.557   -6.072   30.966    0.003
   33.065   14.161   11.459   33.068   14.163   11.462    0.004
  -29.226  -14.573   -6.605  -29.226  -14.573   -6.606    0.001
   29.671   -3.814   14.188   29.670   -3.814   14.188    0.001
   -3.143    0.937  -28.045   -3.144    0.937  -28.045    0.000
   -9.784   14.780   13.935   -9.779   14.778   13.940    0.006
  -22.622   11.859  -21.576  -22.623   11.861  -21.576    0.002
   -5.389   14.217    8.246   -5.390   14.218    8.245    0.002
   17.300    4.593   63.074   17.300    4.593   63.074    0.001
  -26.025  -32.397  -25.201  -26.027  -32.407  -25.202    0.010
   14.016   15.052   63.099   14.016   15.052   63.097    0.003
  -27.603  -28.940  -37.287  -27.602  -28.938  -37.286    0.002
  -14.881    5.174   -9.771  -14.881    5.175   -9.771    0.001
   24.414  -12.702   -3.841   24.413  -12.699   -3.843    0.003
  -16.025  -20.986  -45.483  -16.024  -20.987  -45.484    0.001
   10.263   26.357    4.675   10.263   26.361    4.675    0.005
  -19.198   11.941  -22.055  -19.199   11.938  -22.056    0.003
  -31.047    7.094  -16.497  -31.049    7.096  -16.496    0.003
    0.104   16.847    3.936    0.108   16.842    3.940    0.007
   18.708    5.126   62.707   18.709    5.126   62.710    0.004
   -0.996  -20.079  -32.058   -0.999  -20.077  -32.058    0.003
   14.486   26.229    9.691   14.487   26.231    9.691    0.002
   18.575   12.309   62.966   18.575   12.308   62.965    0.000
   34.022   16.899    4.183   34.015   16.892    4.182    0.010
    9.268   19.286   60.655    9.273   19.277   60.648    0.012
   -3.067   -4.897   45.347   -3.074   -4.905   45.348    0.011
  -10.177  -18.836   -7.852  -10.177  -18.833   -7.856    0.005
    9.956   -3.608   63.363    9.956   -3.608   63.366    0.003
  -14.545   -9.059  -48.066  -14.544   -9.058  -48.071    0.005
   -5.561    8.779   -9.739   -5.562    8.785   -9.740    0.006
   -4.232   17.286   10.301   -4.236   17.289   10.296    0.007
   25.395   15.093  -28.146   25.395   15.094  -28.146    0.001
    1.149  -10.956   12.677    1.150  -10.952   12.677    0.003
   18.493   -5.408   28.009   18.491   -5.402   28.008    0.006
  -11.870  -17.928  -45.473  -11.871  -17.927  -45.472    0.002
   -9.164   21.944   35.022   -9.162   21.937   35.016    0.009
   -2.667   -5.487   41.815   -2.667   -5.487   41.815    0.000
  -18.462  -27.183  -12.076  -18.462  -27.182  -12.076    0.000
   38.806   10.323    0.301   38.804   10.322    0.301    0.002
   28.872   -1.837   18.215   28.874   -1.839   18.217    0.003
    4.522  -15.787  -20.988    4.522  -15.787  -20.989    0.001
  -40.743  -20.074  -20.853  -40.747  -20.076  -20.852    0.004
   36.057   13.472    7.602   36.055   13.470    7.600    0.004
  -24.686   11.934  -26.034  -24.685   11.929  -26.034    0.005
    7.891   24.932   14.451    7.890   24.940   14.453    0.009
   -3.290  -21.841  -34.919   -3.287  -21.843  -34.921    0.004
  -36.564   -6.513  -10.374  -36.563   -6.513  -10.375    0.001
   28.037   -9.457    1.746   28.039   -9.462    1.748    0.005
   31.703   18.037    9.115   31.705   18.038    9.116    0.002
  -18.550   -4.847  -47.990  -18.549   -4.846  -47.991    0.002
    7.050  -16.137  -10.094    7.048  -16.131  -10.095    0.006
  -11.381    8.770  -31.305  -11.381    8.770  -31.305    0.000
   21.050   -0.508   46.725   21.051   -0.508   46.725    0.001
  -22.101  -21.900  -45.897  -22.100  -21.899  -45.896    0.002
   20.591   -4.108  -24.195   20.591   -4.108  -24.195    0.000
   -6.147  -23.544  -15.228   -6.146  -23.546  -15.227    0.002
   28.402   20.697   10.068   28.405   20.701   10.070    0.006
   31.505   16.020   11.635   31.505   16.021   11.637    0.002
   -3.053   -3.973  -32.197   -3.054   -3.973  -32.197    0.001
  -13.218  -25.197  -41.763  -13.218  -25.198  -41.763    0.001
   16.108   10.372  -25.390   16.110   10.375  -25.391    0.004
  -16.433    3.916   -8.636  -16.428    3.910   -8.638    0.008
    5.499   13.952   -7.401    5.502   13.950   -7.399    0.004
   39.745    7.308   -4.645   39.744    7.307   -4.645    0.001
   24.084   22.065   13.774   24.083   22.064   13.774    0.001
   24.571   22.358  -22.751   24.569   22.355  -22.749    0.004
    6.042   20.622   43.030    6.044   20.608   43.028    0.014
   10.031   -9.585  -22.011   10.031   -9.586  -22.014    0.003
   -7.958    3.992  -36.472   -7.958    3.992  -36.473    0.000
  -11.446  -13.293   -1.836  -11.446  -13.293   -1.836    0.001
  -37.710   -7.618  -10.576  -37.712   -7.618  -10.574    0.003
   23.407   15.552   31.394   23.398   15.547   31.393    0.010
    3.452  -12.611    3.984    3.452  -12.610    3.984    0.001
   22.469  -14.283   -4.733   22.468  -14.282   -4.734    0.002
  -15.370   13.227   29.534  -15.366   13.230   29.533    0.005
   -4.859   12.841    5.425   -4.855   12.836    5.428    0.007
   -1.452    9.893   -9.022   -1.451    9.890   -9.021    0.003
   -7.927    6.635   33.893   -7.937    6.632   33.894    0.011
   11.461   21.716   42.873   11.463   21.709   42.873    0.007
  -21.219   -8.798   -3.718  -21.221   -8.798   -3.715    0.004
   13.038   -6.135   38.480   13.041   -6.143   38.479    0.008
    2.912   23.559   25.530    2.910   23.549   25.529    0.010
   -5.484   18.025   12.029   -5.478   18.018   12.036    0.011
   31.289   14.623   13.059   31.286   14.622   13.057    0.003
  -31.133    5.439  -38.891  -31.135    5.442  -38.893    0.004
  -29.183  -17.102  -46.789  -29.182  -17.100  -46.785    0.005
  -36.823    2.771  -35.541  -36.819    2.767  -35.539    0.006
    7.876   -2.576  -22.464    7.874   -2.576  -22.457    0.008
   31.159   16.922   11.266   31.160   16.922   11.266    0.001
  -27.646  -20.412  -46.033  -27.644  -20.409  -46.027    0.007
   31.748   -7.438   -0.368   31.747   -7.437   -0.369    0.002
