75 PA4-A-Debug-Output.txt
    0.741  -10.577  -29.052    0.741  -10.577  -29.053    0.001
   21.427   -1.862   38.371   21.427   -1.862   38.371    0.001
   11.698   27.107    1.953   11.694   27.115    1.952    0.008
   16.889   -3.536   55.808   16.889   -3.536   55.808    0.000
    7.691   -7.183   62.811    7.691   -7.181   62.811    0.002
   31.204   -0.118  -26.689   31.202   -0.118  -26.688    0.002
    7.612   -9.085   16.588    7.612   -9.085   16.588    0.000
   13.853   23.346  -19.442   13.856   23.342  -19.442    0.005
  -25.806    7.273  -15.829  -25.806    7.273  -15.829    0.000
  -23.308    0.381  -10.532  -23.307    0.380  -10.534    0.003
   -8.307  -26.132  -16.829   -8.306  -26.132  -16.828    0.001
   35.353   15.394    5.158   35.353   15.395    5.158    0.001
  -43.253  -11.258  -21.279  -43.252  -11.258  -21.279    0.001
    3.367  -11.629   10.661    3.367  -11.625   10.659    0.005
   29.287   -1.873   17.654   29.284   -1.871   17.652    0.004
   14.684   -7.958   15.056   14.684   -7.956   15.056    0.002
   -0.609  -12.337    3.728   -0.609  -12.335    3.727    0.002
   22.371    3.583   48.228   22.371    3.583   48.228    0.001
  -11.989   -4.693  -46.879  -11.989   -4.693  -46.880    0.001
  -21.339  -24.494   -9.102  -21.339  -24.494   -9.101    0.000
  -41.946  -14.397  -18.439  -41.949  -14.397  -18.438    0.003
   14.518   23.113   25.493   14.518   23.112   25.493    0.001
  -29.074  -30.161  -19.458  -29.074  -30.162  -19.458    0.001
    1.944    2.984   63.561    1.944    2.984   63.561    0.000
    5.184  -13.198  -22.439    5.182  -13.197  -22.436    0.003
    7.801   21.642   35.547    7.800   21.646   35.548    0.004
    0.994   -4.438  -26.559    0.994   -4.438  -26.558    0.000
  -30.887  -28.886  -18.349  -30.888  -28.888  -18.348    0.002
  -35.082    4.344  -16.279  -35.083    4.344  -16.279    0.001
   38.065   -0.986   -9.002   38.066   -0.986   -9.002    0.000
  -30.497    0.652  -43.079  -30.498    0.654  -43.082    0.004
   -6.622    8.852   59.251   -6.623    8.852   59.251    0.001
  -36.688  -16.719  -10.809  -36.685  -16.718  -10.812    0.004
   -1.153   -5.919   44.181   -1.151   -5.914   44.180    0.005
  -17.127  -20.045  -46.619  -17.128  -20.043  -46.617    0.002
   18.049   16.482   57.697   18.051   16.484   57.698    0.003
  -10.627   -0.648   15.511  -10.625   -0.648   15.510    0.002
  -13.889   -4.687    5.271  -13.890   -4.688    5.272    0.002
  -31.832  -25.584  -14.072  -31.833  -25.587  -14.070    0.003
   25.479  -11.877  -20.592   25.480  -11.879  -20.593    0.003
   26.929   23.280   -7.341   26.930   23.282   -7.341    0.002
   23.578   23.957    7.353   23.580   23.964    7.355    0.007
   -0.869   -5.775   48.588   -0.870   -5.776   48.588    0.002
    1.907   23.832   23.032    1.908   23.836   23.033    0.005
  -22.155  -28.294  -13.112  -22.155  -28.295  -13.111    0.001
   -3.338    8.745  -14.462   -3.338    8.742  -14.462    0.003
  -36.486   -0.635  -13.612  -36.485   -0.636  -13.613    0.001
  -32.859   -1.302  -43.349  -32.860   -1.301  -43.350    0.001
   21.359    2.354   53.118   21.360    2.354   53.118    0.000
   -8.110   23.485   33.128   -8.110   23.484   33.127    0.001
  -26.220  -11.960   -6.372  -26.220  -11.960   -6.373    0.000
  -34.519    7.218  -29.269  -34.520    7.219  -29.269    0.002
   18.855   25.768    7.301   18.855   25.768    7.301    0.001
  -39.198    1.978  -21.109  -39.196    1.977  -21.110    0.001
   28.534    5.582  -29.239   28.533    5.582  -29.237    0.002
   -5.010   16.014    9.818   -5.009   16.013    9.819    0.002
  -42.008   -1.352  -29.169  -42.006   -1.353  -29.169    0.002
  -33.187  -28.306  -20.919  -33.187  -28.307  -20.918    0.000
   11.973   25.535   -6.362   11.974   25.533   -6.362    0.002
    8.002   -7.115   53.358    8.002   -7.116   53.358    0.002
   14.824   25.095   13.374   14.825   25.099   13.375    0.004
  -23.555   12.084  -25.743  -23.555   12.086  -25.742    0.002
  -34.509  -26.194  -17.852  -34.509  -26.194  -17.852    0.000
   -5.403   -2.771   38.801   -5.403   -2.772   38.801    0.000
   26.238    9.932   29.251   26.236    9.931   29.250    0.002
    7.511   -6.898   63.171    7.511   -6.899   63.173    0.002
   31.562    7.854  -26.852   31.563    7.854  -26.852    0.000
   11.815   -6.225   35.098   11.815   -6.225   35.098    0.000
   -8.947   11.798   10.854   -8.948   11.799   10.853    0.001
   14.235    8.173   63.128   14.235    8.173   63.126    0.001
    0.898   -7.418  -27.774    0.897   -7.418  -27.773    0.001
    6.266   23.043   27.207    6.266   23.047   27.208    0.004
   22.257    2.653   47.883   22.252    2.654   47.883    0.006
    0.006   17.335    4.668    0.007   17.335    4.668    0.000
    7.864   -9.678   14.503    7.864   -9.677   14.503    0.001
