200 PA4-B-Debug-Output.txt
  -10.545  -26.194  -15.092  -10.545  -26.195  -15.090    0.003
    3.935   -7.338   55.303    3.935   -7.338   55.303    0.000
   17.467   26.902   -3.571   17.467   26.902   -3.571    0.000
  -10.757  -29.176  -20.729  -10.758  -29.175  -20.729    0.001
   26.313   20.792   13.311   26.314   20.793   13.311    0.002
  -21.913  -18.516   -6.399  -21.913  -18.516   -6.398    0.001
   24.951   15.802  -28.032   24.950   15.801  -28.032    0.001
   -1.401   16.400   55.548   -1.401   16.400   55.548    0.000
   14.755   -2.188  -22.180   14.755   -2.188  -22.180    0.000
  -27.894  -11.119   -6.621  -27.894  -11.119   -6.620    0.001
   -6.849    8.314   45.588   -6.845    8.314   45.587    0.004
   -8.487    7.180  -26.549   -8.488    7.179  -26.549    0.001
   20.356  -12.161  -20.760   20.355  -12.161  -20.760    0.001
   20.717  -14.507  -17.270   20.717  -14.506  -17.269    0.000
   17.357   10.394  -27.789   17.357   10.393  -27.789    0.000
   26.104    5.333   31.141   26.104    5.333   31.141    0.000
    5.841   -7.001   46.522    5.840   -7.000   46.523    0.001
  -29.616  -24.085  -10.532  -29.615  -24.084  -10.534    0.002
   36.676   13.029    7.141   36.677   13.029    7.141    0.000
  -13.419    5.512   -8.322  -13.418    5.510   -8.322    0.003
   37.473   -1.119   -0.808   37.469   -1.115   -0.808    0.006
   37.393    2.924  -14.359   37.392    2.923  -14.359    0.001
   20.773    3.239  -26.819   20.773    3.240  -26.819    0.001
  -27.117  -12.135   -6.332  -27.117  -12.135   -6.332    0.000
   -4.284  -25.922  -26.771   -4.284  -25.922  -26.771    0.000
  -10.535    7.056   -9.852  -10.534    7.054   -9.852    0.002
  -39.741  -12.554  -35.602  -39.737  -12.553  -35.602    0.004
   37.583   -1.182   -4.410   37.581   -1.180   -4.410    0.003
    2.092   -6.804   45.868    2.092   -6.810   45.868    0.006
   16.181    2.637  -21.712   16.181    2.637  -21.711    0.001
   12.384   -6.256   45.921   12.384   -6.259   45.921    0.003
  -12.048  -27.767  -16.139  -12.048  -27.764  -16.142    0.004
   -3.536   19.052   11.228   -3.534   19.050   11.230    0.003
   12.023  -10.892    8.632   12.023  -10.891    8.632    0.001
  -38.548  -18.887  -37.579  -38.546  -18.886  -37.578    0.003
  -21.640  -20.068   -6.672  -21.640  -20.068   -6.672    0.001
   28.717   -1.497   18.791   28.718   -1.498   18.791    0.001
   14.217   23.598   21.733   14.217   23.598   21.733    0.001
   39.730    4.754    3.023   39.729    4.754    3.023    0.001
   14.697  -11.677    5.461   14.697  -11.677    5.461    0.000
   -4.872   -2.567   61.721   -4.872   -2.567   61.721    0.000
   17.284   26.234    7.288   17.285   26.237    7.288    0.003
  -16.167  -12.391   -3.069  -16.167  -12.391   -3.069    0.000
    2.553   24.091   15.411    2.551   24.097   15.410    0.006
   37.759   11.105   -6.193   37.759   11.105   -6.193    0.001
   -5.101   -0.710   62.718   -5.102   -0.710   62.718    0.001
  -31.404   -8.544   -7.179  -31.404   -8.543   -7.178    0.001
  -43.614   -5.509  -23.095  -43.613   -5.509  -23.095    0.000
   -5.728  -26.807  -24.070   -5.729  -26.806  -24.070    0.002
   32.261   18.350   -4.040   32.266   18.354   -4.039    0.006
   -0.937   -3.545  -28.229   -0.938   -3.545  -28.228    0.001
   10.591   -6.937   25.541   10.591   -6.939   25.541    0.002
  -36.610    5.735  -25.432  -36.610    5.736  -25.432    0.001
   31.768   13.747  -22.793   31.770   13.749  -22.794    0.003
  -39.793  -19.465  -17.398  -39.793  -19.465  -17.398    0.000
   33.023    6.554  -24.463   33.024    6.554  -24.463    0.001
    4.261  -16.144  -20.842    4.262  -16.145  -20.843    0.001
   -0.822   21.863   35.081   -0.822   21.862   35.081    0.001
  -31.563    5.523  -15.110  -31.563    5.523  -15.110    0.000
  -42.153  -17.306  -28.772  -42.151  -17.305  -28.771    0.003
  -37.589  -11.463  -10.552  -37.587  -11.462  -10.554    0.003
  -16.918   10.694  -34.468  -16.919   10.692  -34.468    0.002
   21.303    0.701   48.760   21.299    0.703   48.760    0.005
   19.105   23.914   14.517   19.105   23.915   14.518    0.001
   25.341   23.611    5.748   25.341   23.610    5.748    0.001
  -21.309  -30.643  -16.492  -21.309  -30.644  -16.492    0.001
   -9.717   -1.578   17.691   -9.716   -1.578   17.691    0.001
   12.970   16.611  -17.669   12.971   16.612  -17.670    0.001
  -34.954  -24.528  -15.976  -34.954  -24.529  -15.975    0.001
  -14.433   21.899   23.301  -14.434   21.900   23.301    0.001
   -3.948  -10.281   10.524   -3.945  -10.274   10.522    0.008
   28.268   16.386  -24.782   28.267   16.385  -24.781    0.002
   33.561   17.172    5.879   33.560   17.171    5.879    0.002
   26.241   20.182   14.371   26.241   20.182   14.371    0.000
   10.377   21.771   39.001   10.376   21.777   39.001    0.006
   26.846   -4.168  -26.460   26.847   -4.165  -26.456    0.005
   27.536   22.146  -18.226   27.539   22.148  -18.227    0.004
   29.115   20.644    9.017   29.116   20.646    9.018    0.002
  -40.813  -12.222  -30.312  -40.812  -12.222  -30.312    0.001
   -3.238   15.396   51.668   -3.236   15.395   51.668    0.002
    6.292   17.991   62.768    6.292   17.989   62.767    0.002
   32.687   12.613   12.591   32.687   12.613   12.591    0.001
  -24.839   11.298  -21.161  -24.837   11.292  -21.162    0.007
   20.782    3.795   60.398   20.784    3.795   60.398    0.002
   35.954   -2.986    8.177   35.954   -2.986    8.177    0.000
   35.304   14.924   -5.783   35.308   14.926   -5.783    0.004
   -6.392    1.004   41.921   -6.394    1.004   41.921    0.001
   -9.458  -25.188  -14.330   -9.459  -25.185  -14.331    0.003
  -14.166    9.185  -18.182  -14.167    9.185  -18.182    0.001
   -5.846   -0.377   47.851   -5.850   -0.379   47.851    0.004
   18.091   22.564   24.438   18.091   22.564   24.438    0.000
   29.966    0.042  -27.685   29.965    0.042  -27.683    0.002
   26.771   10.714   26.437   26.774   10.715   26.438    0.003
  -26.870  -27.313  -39.872  -26.870  -27.315  -39.875    0.004
   37.134    4.021  -14.463   37.135    4.022  -14.463    0.001
    4.769   -6.567  -24.328    4.767   -6.568  -24.325    0.003
   -2.349   -0.063  -27.662   -2.348   -0.063  -27.663    0.002
   31.246   15.412   12.630   31.248   15.412   12.632    0.003
  -37.230  -17.427  -11.889  -37.230  -17.427  -11.889    0.000
   23.941   24.262    5.668   23.940   24.260    5.667    0.002
   -7.353  -25.296  -36.523   -7.354  -25.295  -36.522    0.002
   31.926   11.516  -24.658   31.923   11.515  -24.656    0.003
    2.324   -6.830   45.764    2.324   -6.825   45.764    0.005
   10.371  -16.394   -8.712   10.370  -16.397   -8.713    0.004
   37.971   -0.863  -11.732   37.976   -0.866  -11.734    0.005
   -4.323   11.964    2.061   -4.322   11.962    2.062    0.001
   38.573    1.923  -11.989   38.570    1.924  -11.988    0.003
  -23.407    3.544  -13.369  -23.407    3.543  -13.369    0.001
   25.058   23.393    7.251   25.058   23.394    7.251    0.001
    8.050   22.762   29.123    8.050   22.767   29.124    0.005
   35.577    0.013   11.312   35.576    0.014   11.312    0.001
  -15.976   19.924   24.622  -15.978   19.925   24.622    0.003
  -38.147    3.715  -22.418  -38.145    3.713  -22.419    0.003
   -7.777   19.919   14.791   -7.777   19.920   14.791    0.001
   31.435    2.166  -26.483   31.435    2.166  -26.483    0.001
   -2.167   -7.706  -34.009   -2.168   -7.706  -34.009    0.001
  -16.288   11.133  -32.099  -16.287   11.135  -32.099    0.002
  -42.001  -14.098  -18.379  -42.000  -14.098  -18.379    0.001
  -12.623  -23.626  -43.003  -12.623  -23.625  -43.002    0.001
   27.171   10.323   25.457   27.171   10.323   25.457    0.000
  -34.870  -22.198  -12.842  -34.871  -22.199  -12.841    0.002
   31.467   19.354   -2.507   31.463   19.351   -2.507    0.005
  -16.188   -1.307  -46.979  -16.188   -1.307  -46.980    0.001
    6.194    6.324  -16.553    6.195    6.326  -16.554    0.002
  -14.372   11.145  -26.112  -14.372   11.144  -26.112    0.001
  -23.880   -8.709   -5.571  -23.880   -8.708   -5.570    0.001
   19.397   20.427   31.969   19.397   20.427   31.969    0.000
   14.384   -5.887   41.331   14.384   -5.886   41.331    0.001
  -38.050   -2.284  -39.336  -38.051   -2.284  -39.337    0.001
  -38.840  -17.725  -14.412  -38.839  -17.724  -14.413    0.001
   -7.826   12.239   39.901   -7.827   12.239   39.901    0.000
   21.402   -1.015   42.558   21.404   -1.016   42.558    0.003
   11.481   22.744   29.228   11.481   22.744   29.228    0.001
   32.797   12.933  -21.949   32.798   12.934  -21.950    0.001
    9.433   11.714  -11.339    9.433   11.715  -11.340    0.002
   18.122   17.072  -30.779   18.122   17.073  -30.781    0.002
   -7.267   22.352   17.301   -7.267   22.355   17.299    0.003
   11.541   23.270   25.321   11.541   23.276   25.321    0.006
  -34.658    0.800  -40.676  -34.659    0.801  -40.677    0.001
  -28.994  -31.126  -23.099  -28.994  -31.127  -23.099    0.002
  -43.424  -14.085  -24.108  -43.426  -14.086  -24.108    0.002
   -6.089    1.351   60.033   -6.092    1.351   60.033    0.003
   28.931   20.202  -20.482   28.930   20.201  -20.482    0.001
  -11.394  -28.878  -34.830  -11.395  -28.876  -34.829    0.002
   27.301    0.623   24.292   27.298    0.624   24.291    0.003
   28.748   17.623   13.781   28.748   17.623   13.781    0.000
   -5.184  -18.008   -8.300   -5.184  -18.005   -8.301    0.003
   15.557   24.574  -15.729   15.558   24.572  -15.729    0.002
  -31.245  -12.697  -46.839  -31.245  -12.697  -46.839    0.000
   17.783   14.744  -30.979   17.782   14.743  -30.980    0.001
   31.679   12.154   13.927   31.678   12.154   13.927    0.001
   24.547   12.804   32.421   24.545   12.803   32.421    0.002
  -37.288    2.837  -34.228  -37.288    2.837  -34.228    0.000
  -21.815    3.033  -44.057  -21.815    3.034  -44.058    0.002
    5.376   -4.466  -23.527    5.374   -4.466  -23.524    0.004
   12.187   26.114   -4.489   12.189   26.112   -4.488    0.003
   -6.485   21.408   15.643   -6.485   21.409   15.642    0.001
  -19.323  -27.746  -12.463  -19.323  -27.744  -12.464    0.003
   -3.383  -23.846  -30.403   -3.384  -23.846  -30.403    0.001
   -1.518   17.575   48.638   -1.518   17.575   48.638    0.001
   23.361   21.618   16.041   23.361   21.618   16.041    0.001
   -7.101    5.640   60.428   -7.101    5.640   60.428    0.000
  -15.380  -10.709   -1.169  -15.379  -10.706   -1.172    0.004
   -1.781   -0.395  -27.072   -1.777   -0.393  -27.075    0.004
  -11.920  -15.895   -4.792  -11.920  -15.894   -4.793    0.002
   13.959   -6.445   26.128   13.959   -6.450   26.129    0.005
   18.397   18.235   45.951   18.398   18.236   45.951    0.001
   23.094   22.022   15.359   23.093   22.021   15.359    0.001
   12.371   25.392   -7.429   12.371   25.393   -7.429    0.001
    9.542   23.221   26.128    9.542   23.219   26.128    0.001
  -22.860   11.959  -29.549  -22.860   11.960  -29.549    0.001
   14.810  -17.268   -9.459   14.810  -17.267   -9.459    0.001
  -21.662   -3.704  -47.542  -21.662   -3.704  -47.542    0.000
  -18.151  -30.636  -16.993  -18.151  -30.637  -16.993    0.001
   -3.117    9.064  -11.099   -3.117    9.061  -11.099    0.003
   14.532   11.631   63.158   14.532   11.631   63.156    0.002
  -41.134  -16.177  -30.879  -41.133  -16.178  -30.878    0.002
   10.712   20.856   54.278   10.712   20.850   54.277    0.006
   21.033  -10.687  -21.649   21.033  -10.687  -21.650    0.000
   -3.957   13.768   59.814   -3.959   13.769   59.814    0.002
    6.023  -14.806  -20.149    6.023  -14.807  -20.150    0.001
   15.206   -5.564   42.458   15.207   -5.569   42.458    0.005
   32.251    4.706  -25.583   32.252    4.706  -25.583    0.001
   16.586   -6.228   25.312   16.585   -6.223   25.312    0.005
   -5.935   10.666    2.158   -5.933   10.664    2.159    0.003
  -14.788   14.156   31.518  -14.788   14.156   31.518    0.001
    6.422  -14.917  -19.099    6.422  -14.918  -19.100    0.001
   17.311    8.275   63.138   17.311    8.275   63.136    0.001
    7.517   17.674   -7.207    7.515   17.674   -7.208    0.002
   39.010    0.492   -9.760   39.010    0.492   -9.760    0.000
   -9.008    7.113  -31.349   -9.006    7.114  -31.349    0.002
   31.486   15.116   12.482   31.486   15.116   12.482    0.001
   25.751   13.357  -29.022   25.751   13.357  -29.021    0.001
   16.982   22.526  -27.866   16.983   22.526  -27.866    0.001
   -8.604  -23.720  -13.126   -8.604  -23.719  -13.127    0.001
    0.264   24.042   21.573    0.265   24.043   21.573    0.001
    4.195   24.294   11.218    4.194   24.295   11.218    0.001
  -37.992   -6.803  -41.441  -37.992   -6.803  -41.441    0.000
  -16.870  -31.696  -32.287  -16.870  -31.697  -32.288    0.001
  -19.693   -0.392   -5.921  -19.694   -0.392   -5.920    0.000
