27, 125 pa2-debug-f-our-output2.txt
Individual errors
    -1.38    -0.51    -3.14
        0        0     0.01
    -0.41    -0.48      1.1
    -1.15    -0.96     0.17
    -0.62     0.04    -0.77
    -0.84    -0.25     0.81
    -0.95      0.1     0.35
     -1.5     0.96    -0.22
    -0.08     0.76    -0.28
     0.22     0.78     0.02
    -0.19     0.12     0.08
    -0.82    -0.52      0.2
    -0.94    -0.94     -0.3
     -0.2      0.1     -0.3
    -0.69    -0.72      0.2
    -0.59    -0.41     0.34
    -1.27     0.98     0.27
    -0.68    -0.07    -0.38
    -0.67     0.25    -0.03
    -0.56     0.62     0.43
     0.36    -0.76     -0.6
     0.25    -0.41    -0.13
     0.25    -0.07     1.07
     0.45    -0.98    -0.39
     0.52    -0.92    -0.18
     0.27    -0.34     0.48
     0.35    -0.68    -0.36
     0.06    -0.08    -0.58
     0.56     0.12    -0.27
     -1.2    -0.98     0.18
    -0.66     0.07    -0.77
     0.14     0.31    -1.25
    -0.93     0.11     0.35
    -1.52     0.97     -0.2
    -1.43     0.92    -0.68
     0.27     0.78        0
    -0.19     0.12     0.09
    -0.67    -0.19     0.28
    -0.89    -0.94    -0.25
    -0.24     0.11    -0.25
    -0.21     0.31    -0.37
    -0.59    -0.41     0.33
    -1.25     0.95     0.29
    -1.11     1.28    -0.01
    -0.67     0.27    -0.05
    -0.53      0.6     0.42
    -0.54     0.82     0.52
     0.31     -0.5    -0.17
     0.25    -0.12     1.05
     0.18    -0.01     1.55
     0.51     -0.9     -0.2
     0.31    -0.37     0.44
      0.2     0.18     0.62
     0.02    -0.06    -0.59
     0.55     0.14    -0.29
      0.8     0.15    -0.27
    -0.69      0.1    -0.77
    -0.08     0.43    -1.29
     0.54    -0.59    -1.25
    -1.46     0.91     -0.2
    -1.45     0.92    -0.63
    -0.39    -0.26    -0.69
    -0.01     0.08    -0.01
    -0.54     -0.3     0.28
    -0.95     0.07     0.57
    -0.31     0.16    -0.23
    -0.32     0.49     -0.3
     0.15    -0.47    -0.58
    -1.25      0.9      0.3
    -1.15     1.29     0.06
    -0.01     0.28    -0.42
    -0.54     0.57     0.41
    -0.47     0.77     0.57
    -0.64     0.82     0.29
     0.25     -0.2     0.97
     0.12        0     1.54
     0.37    -0.11     0.82
     0.29    -0.37     0.36
     0.26     0.13     0.54
     0.39     0.33    -0.07
     0.44     0.18    -0.33
     0.83     0.16    -0.28
     0.49     0.14    -0.57
     0.15     0.32    -1.26
     0.64    -0.57    -1.15
     0.75    -1.55    -0.52
    -1.41     0.89    -0.69
    -0.31    -0.34    -0.79
     1.11    -1.71    -0.36
    -0.57     -0.3     0.21
    -0.93     0.02      0.5
    -1.19     0.71     0.61
    -0.25     0.38    -0.38
     0.04    -0.52    -0.58
     0.69    -1.55    -0.73
    -1.17     1.32    -0.01
     0.05      0.2    -0.48
     1.37    -1.49    -0.83
    -0.56     0.81     0.55
    -0.65      0.8     0.24
    -0.86     0.62     -0.1
     0.15     0.01     1.53
     0.35     -0.2     0.87
     0.73    -0.64    -0.65
     0.19     0.16     0.58
     0.39     0.33    -0.02
     0.63     0.15    -1.08
     0.78     0.18    -0.23
     0.43      0.2    -0.55
    -0.39     0.23    -0.88
     0.72    -0.57    -1.13
      0.9     -1.6    -0.55
      0.5    -1.85     0.22
    -0.33    -0.29    -0.78
     1.06    -1.68    -0.35
     1.06    -1.47     0.48
    -0.98     0.13     0.51
    -1.23     0.75     0.56
    -1.32     1.16     0.91
    -0.02    -0.56     -0.6
     0.64    -1.55    -0.72
    -0.14    -1.86    -0.98
     0.08     0.19    -0.48
     1.38    -1.47    -0.84
     0.79    -1.81    -0.39
    -0.56     0.78     0.18
    -0.79      0.6    -0.14
    -0.97     0.26     0.43
     0.36    -0.31     0.88
     0.67    -0.74    -0.64
    -0.07    -0.97     -1.5
     0.38     0.32     0.06
     0.67     0.14    -1.08
     0.32     0.06    -1.22
      0.5     0.15    -0.56
     -0.3     0.22    -0.93
    -0.64     -0.1    -0.78
    -0.84    -0.26     0.82
    -0.95      0.1     0.35
    -1.49     0.94    -0.22
      0.1     0.76    -0.26
     0.38     0.81    -0.02
    -0.04     0.05     0.01
     0.13     1.13    -0.75
     0.71     0.55    -0.36
     1.05    -0.87     0.06
     -0.7    -0.72      0.2
    -0.62    -0.36     0.33
    -1.28     0.98     0.29
    -0.71        0     -0.4
    -0.69     0.29    -0.04
    -0.51     0.59     0.44
    -0.67     0.43    -0.71
    -0.27     0.45    -0.47
     0.81     0.13     0.27
     0.45    -0.97    -0.37
     0.49    -0.86    -0.19
     0.29     -0.3     0.41
     0.33    -0.64    -0.35
    -0.02    -0.02    -0.58
     0.54     0.19     -0.3
     0.08    -0.28    -0.36
    -0.29     0.15    -0.68
     0.61     0.29    -0.46
    -0.93      0.1     0.35
    -1.51     0.98    -0.21
    -1.45     0.94    -0.66
     0.26     0.79     0.01
    -0.22     0.15     0.12
     -0.7    -0.11     0.34
     0.51     0.58    -0.34
        1    -0.67     0.22
     0.49     -1.1     0.68
    -0.59    -0.44     0.34
    -1.24     0.92     0.29
    -1.09     1.28        0
    -0.68     0.24    -0.05
    -0.53     0.59      0.4
    -0.49     0.81     0.49
    -0.32     0.43    -0.49
     0.72     0.17      0.2
     0.69     0.26     0.74
     0.53    -0.93    -0.21
      0.3     -0.4     0.44
     0.21     0.14     0.66
     0.02     -0.1    -0.59
     0.54     0.11     -0.3
     0.83     0.12    -0.27
    -0.31     0.15    -0.71
     0.57     0.31    -0.54
     1.08     0.16    -0.41
     -1.5     0.96     -0.2
    -1.44     0.94    -0.69
    -0.27    -0.35    -0.82
    -0.18     0.12      0.1
    -0.69    -0.15     0.31
    -0.95     0.08     0.48
     1.01    -0.73     0.23
     0.43    -1.14     0.67
    -0.98     0.29     0.85
    -1.24     0.93      0.3
    -1.11     1.28    -0.02
     0.14     0.08    -0.53
    -0.52     0.59     0.41
    -0.54     0.82      0.5
     -0.6     0.77     0.15
     0.76     0.16     0.24
     0.62     0.27     0.76
    -0.76     0.81     0.71
     0.29    -0.38     0.44
     0.18     0.17     0.65
     0.41     0.31    -0.02
     0.56     0.13     -0.3
      0.8     0.13    -0.26
     0.39      0.2    -0.59
     0.61     0.32    -0.52
     1.08     0.14    -0.39
     0.46    -0.08    -0.44
    -1.44     0.92    -0.65
     -0.3    -0.34    -0.71
     1.02    -1.65    -0.28
    -0.67    -0.16     0.35
       -1     0.15     0.56
    -1.34      0.9      0.6
     0.54    -1.17     0.64
    -0.85     0.14     0.86
    -2.46     2.62     0.76
     -1.1     1.28        0
     0.09     0.17    -0.47
     1.31     -1.4    -0.82
    -0.49      0.8     0.51
     -0.6     0.79     0.21
    -0.93     0.67     -0.1
     0.75     0.23     0.73
     -0.5     0.69     0.74
    -2.15     1.13     0.43
     0.21     0.14     0.63
      0.4     0.32    -0.04
     0.59     0.19    -1.12
     0.83     0.13    -0.26
     0.48     0.15    -0.59
    -0.39      0.2    -0.92
     1.07     0.18    -0.39
     0.63    -0.09    -0.43
    -0.58    -0.33    -0.56
    -0.33    -0.33    -0.77
      1.1    -1.69    -0.37
     1.18    -1.46     0.49
    -0.96     0.06     0.52
    -1.19     0.71      0.6
    -1.13     0.94      0.9
    -0.91     0.19     0.83
    -2.44     2.74     0.83
     -2.7     2.79     1.25
     0.06     0.17     -0.5
     1.45    -1.59    -0.84
     0.84    -1.99    -0.41
    -0.64     0.79     0.21
    -0.79     0.55    -0.12
    -0.83     0.12     0.57
    -0.68     0.77     0.75
    -2.28     1.29     0.41
    -2.15     1.19     0.84
     0.39     0.33    -0.02
      0.7     0.09    -1.09
     0.35    -0.03    -1.21
     0.43     0.19    -0.56
    -0.36     0.25     -0.9
    -0.57    -0.13    -0.68
     0.51    -0.06    -0.38
    -0.76    -0.25    -0.54
    -1.18    -0.81     -0.7
    -0.04     0.74    -0.26
     0.13     0.77     0.05
    -0.32     0.22     0.21
    -0.21      1.1     -0.8
     0.38     0.62    -0.34
     0.97    -0.53     0.29
    -0.56     0.43     0.03
      0.2    -0.03    -0.38
     1.11    -0.75     0.09
    -0.68    -0.07    -0.37
    -0.66      0.2    -0.07
    -0.49     0.58     0.36
    -0.54     0.33    -0.67
    -0.37     0.42    -0.53
     0.69      0.2     0.12
    -0.46     0.13    -0.16
     0.19    -0.35    -0.44
     1.32    -0.35    -0.08
     0.47    -0.76    -0.25
     0.05    -0.14     -0.6
     0.57     0.08    -0.33
     0.34    -0.41    -0.25
    -0.34     0.12    -0.72
     0.51     0.33    -0.59
    -0.12    -0.12    -0.25
    -0.38    -0.55    -0.11
      0.1     -0.2     0.03
     0.31     0.79     0.01
    -0.12     0.09     0.01
    -0.56    -0.33     0.21
     0.54     0.57    -0.33
     1.01    -0.75     0.16
     0.49    -1.31     0.55
     0.17    -0.04    -0.31
     0.83    -0.87      0.1
     0.59    -1.47     -0.1
    -0.68     0.24        0
     -0.6     0.63     0.44
    -0.61     0.84     0.53
    -0.28     0.44    -0.46
     0.74     0.16     0.27
      0.6     0.25     0.81
     0.34    -0.34    -0.44
     1.48    -0.35    -0.02
     1.31    -0.14     0.48
     0.05     -0.1    -0.56
     0.52     0.14    -0.24
     0.73     0.19    -0.21
    -0.26     0.18    -0.71
     0.64     0.32    -0.51
     1.07     0.16    -0.34
    -0.29    -0.53    -0.12
      0.3    -0.13     0.02
     0.74     0.18      0.3
     -0.2     0.13     0.08
    -0.68    -0.16     0.33
    -0.99     0.13     0.54
        1     -0.7     0.18
     0.51    -1.18     0.64
     -0.9     0.18     0.84
     0.81    -0.84     0.08
     0.67    -1.41    -0.04
    -0.44    -0.49    -0.24
    -0.55     0.61     0.41
     -0.5      0.8     0.51
    -0.62     0.78     0.19
     0.73     0.17     0.21
     0.71     0.24     0.74
    -0.62     0.74     0.74
     1.44    -0.37    -0.05
     1.36    -0.14     0.43
    -0.04      0.1     0.64
     0.53     0.12     -0.3
     0.84     0.13    -0.27
     0.43     0.16    -0.59
     0.56     0.32    -0.52
     1.07     0.17    -0.38
     0.55    -0.09    -0.41
     0.22     -0.2     0.03
     0.65     0.16     0.32
     0.65     0.06     0.39
    -0.68    -0.16     0.34
    -0.99     0.16     0.52
     -1.2     0.73     0.55
     0.49    -1.22     0.61
    -0.92     0.22     0.85
    -2.48      2.7     0.79
     0.57    -1.47    -0.12
    -0.47    -0.43    -0.25
    -1.76     1.96     0.41
    -0.47     0.79     0.52
    -0.59     0.79     0.19
    -0.84     0.61    -0.13
     0.72     0.23     0.76
     -0.6     0.73     0.74
    -2.22     1.21     0.41
     1.36    -0.18     0.42
    -0.06     0.09     0.63
    -1.67        0     0.57
     0.86     0.13     -0.3
     0.47     0.13    -0.61
    -0.39      0.2    -0.94
     1.07     0.17    -0.34
     0.58    -0.09    -0.39
    -0.66    -0.31    -0.55
     0.65     0.16     0.35
     0.64     0.08     0.44
     0.13    -0.51    -0.06
    -0.97      0.1     0.51
    -1.18     0.69     0.59
    -1.14     0.96     0.88
    -0.94     0.23     0.86
    -2.44     2.67     0.81
    -2.71     2.86     1.24
     -0.5    -0.37    -0.15
    -1.86     1.95     0.43
    -2.04     2.12     1.42
     -0.6     0.78     0.17
    -0.74     0.52    -0.13
    -0.82      0.1     0.58
    -0.64     0.76     0.71
    -2.23     1.24      0.4
    -2.15     1.18     0.83
    -0.11     0.14     0.65
    -1.74     0.07     0.57
    -1.78     0.08     0.75
     0.42     0.19    -0.57
    -0.35     0.26    -0.92
    -0.52    -0.13    -0.66
     0.52     -0.1    -0.46
    -0.76    -0.26    -0.59
    -1.16    -0.81     -0.7
     0.64     0.01     0.31
        0    -0.55    -0.19
    -0.68    -1.35    -1.11
    -0.04     1.12    -0.78
     0.55     0.56    -0.33
        1     -0.7      0.2
    -0.46     0.42      0.1
     0.07    -0.06    -0.26
     0.73    -0.88     0.09
    -0.28    -0.68     1.67
    -0.32    -0.02     0.04
    -0.64     -0.3    -0.12
    -0.62      0.4    -0.69
     -0.3     0.43     -0.5
     0.77     0.15      0.2
    -0.54     0.06    -0.13
     0.35     -0.4    -0.45
     1.48     -0.4    -0.05
    -0.58    -0.96     1.27
      0.5    -1.98     0.04
      0.9    -1.14    -0.24
     0.16    -0.31    -0.33
    -0.33     0.12    -0.69
     0.56     0.31    -0.52
    -0.24    -0.18    -0.17
    -0.29    -0.66    -0.02
     0.24    -0.25     0.09
     -0.4    -0.44     0.31
        0    -1.77     1.02
    -0.18     -0.9        1
     0.54     0.59    -0.35
     1.02    -0.71     0.18
     0.54    -1.24      0.6
      0.1    -0.04    -0.31
     0.79    -0.83     0.09
     0.64    -1.41    -0.08
    -0.13    -0.31    -0.06
    -0.39    -0.42    -0.16
    -0.42    -0.86    -1.13
    -0.33     0.44    -0.49
     0.74     0.16     0.21
      0.7     0.24     0.76
     0.29    -0.35    -0.45
     1.45    -0.39    -0.05
     1.35    -0.16     0.42
     0.46    -1.95      0.1
     0.89    -1.14    -0.18
     0.67    -0.47     -0.4
    -0.31     0.15    -0.71
     0.59     0.31    -0.53
     1.08     0.17    -0.36
    -0.32    -0.58    -0.09
     0.22    -0.21     0.04
     0.65     0.16     0.34
    -0.05    -1.67     0.98
    -0.22    -0.92     1.02
    -0.11      0.3     1.13
        1    -0.73     0.18
     0.49    -1.18     0.63
     -0.9     0.18     0.84
     0.87    -0.86      0.1
      0.7    -1.37    -0.01
     -0.5    -0.37    -0.17
    -0.24    -0.54    -0.23
    -0.24    -0.96    -1.14
    -0.34    -1.25    -1.57
     0.72     0.17     0.23
     0.65     0.26     0.76
    -0.68     0.78     0.74
     1.45    -0.36    -0.04
     1.31     -0.1     0.47
    -0.13     0.15     0.67
      0.9    -1.06    -0.16
      0.7    -0.38     -0.3
     0.24    -0.58    -0.21
     0.57     0.33    -0.52
     1.08     0.16    -0.39
      0.5    -0.06    -0.44
     0.25    -0.15        0
     0.69     0.17     0.27
     0.63     0.01      0.3
    -0.24    -0.85     1.03
    -0.09     0.31     1.16
     0.67     0.61     0.99
      0.5    -1.16     0.64
    -0.87     0.14     0.84
    -2.35     2.65     0.86
     0.71    -1.37    -0.02
    -0.48    -0.41    -0.18
    -1.76     2.12     0.45
    -0.27    -0.95    -1.15
    -0.33    -1.21    -1.59
    -0.33     -0.8     0.35
     0.67     0.25     0.75
    -0.68     0.78     0.74
    -2.27     1.33      0.4
     1.31     -0.1     0.46
    -0.15     0.15     0.67
    -1.86     0.17     0.57
     0.68     -0.4    -0.32
     0.22    -0.64    -0.24
    -0.12    -1.63     0.41
     1.08     0.16     -0.4
     0.49    -0.07    -0.42
    -0.82    -0.19    -0.54
     0.68     0.17      0.3
     0.61     0.01     0.31
    -0.11    -0.55    -0.15
    -0.08     0.35     1.17
      0.7     0.59     0.96
     1.34    -0.43     0.05
    -0.85     0.11     0.82
    -2.37     2.67     0.83
    -2.75     2.87     1.18
    -0.44    -0.47    -0.27
    -1.67     2.06     0.42
    -2.09     2.12      1.3
    -0.32    -1.15    -1.67
    -0.22    -0.77     0.31
     0.45    -0.22     1.11
    -0.65     0.76     0.75
    -2.27     1.29     0.42
    -2.21     1.27     0.84
    -0.11     0.11     0.64
    -1.77     0.09     0.57
    -1.81     0.14     0.83
      0.2    -0.71    -0.38
    -0.07    -1.69     0.32
     0.06    -2.24     1.14
     0.53    -0.06    -0.39
    -0.75    -0.23    -0.51
    -1.22     -0.8    -0.66
     0.62     0.06     0.39
     0.01    -0.52    -0.06
    -0.69    -1.33       -1
     0.65     0.63     0.94
     1.38    -0.37     0.15
     0.72    -1.71    -0.98
    -0.52     0.43     0.02
     0.08    -0.06    -0.28
     0.61    -0.88     0.09
    -0.39    -0.77     1.74
    -0.17    -0.27    -0.04
    -0.58    -0.32    -0.14
     1.43    -1.31     1.52
     1.96    -1.22    -1.21
     0.15     -1.3    -0.91
    -0.52     0.09    -0.22
     0.36    -0.34    -0.44
     1.52     -0.4    -0.03
    -0.55    -0.86      1.1
      0.5    -1.91     0.06
     0.91    -1.12    -0.23
    -1.35    -1.68     2.38
    -0.79    -2.64     0.47
    -0.76    -1.25    -0.09
    -0.25    -0.26    -0.19
    -0.27    -0.56     -0.1
     0.33    -0.17     0.05
    -0.33    -0.49     0.23
    -0.06    -1.66     0.97
    -0.18    -0.82     0.98
     0.12     -0.6     0.34
     0.66    -2.02     0.88
    -0.11    -0.09     1.06
     0.12    -0.05     -0.3
     0.73    -0.88      0.1
     0.51    -1.51    -0.16
    -0.17    -0.27    -0.03
    -0.54    -0.36    -0.13
    -0.58    -0.82    -1.18
     1.95    -1.14     -1.2
     0.08    -1.19    -0.89
    -0.75    -0.74    -1.13
     0.35    -0.35    -0.44
     1.49    -0.37    -0.02
     1.33    -0.17     0.47
     0.51    -1.91     0.06
     0.93     -1.1    -0.22
     0.68    -0.52    -0.47
     -0.8    -2.61     0.44
    -0.76    -1.24    -0.12
    -0.55    -0.55    -0.81
    -0.28    -0.57    -0.07
     0.31    -0.17     0.05
     0.71     0.18     0.35
    -0.06    -1.67        1
    -0.19     -0.8     0.98
    -0.01     0.36     1.02
     0.64    -1.98     0.86
    -0.13    -0.02     1.05
    -0.32     1.55     0.77
     0.78    -0.88      0.1
     0.65    -1.42    -0.07
    -0.48    -0.42    -0.23
    -0.54    -0.37    -0.14
    -0.44    -0.87    -1.15
    -0.33    -1.18    -1.66
     0.09    -1.12    -0.89
    -0.78    -0.78    -1.16
    -0.47    -0.57    -0.79
     1.47    -0.38    -0.04
     1.34    -0.15     0.43
    -0.08      0.1     0.64
     0.92    -1.14    -0.22
     0.69    -0.48    -0.42
     0.21    -0.69    -0.39
    -0.76     -1.3    -0.12
    -0.55     -0.5    -0.76
     0.02    -0.78    -1.26
     0.24    -0.22     0.06
     0.64     0.16     0.34
     0.64     0.06     0.41
    -0.18    -0.91     0.99
    -0.09     0.31     1.09
     0.63     0.67     0.97
    -0.08    -0.16        1
    -0.34     1.56     0.84
     0.37      1.5     0.25
      0.6    -1.43    -0.09
    -0.43    -0.49    -0.37
    -1.45     2.03     0.42
    -0.45    -0.86    -1.14
    -0.32    -1.14    -1.73
    -0.05    -0.86     0.34
    -0.76    -0.85    -1.12
    -0.49    -0.46    -0.72
     0.08    -0.55     1.86
     1.32    -0.14     0.45
    -0.15     0.07     0.62
    -1.77    -0.02     0.57
     0.69    -0.48    -0.41
     0.19    -0.75    -0.46
        0    -1.82     0.27
    -0.55    -0.47    -0.73
        0    -0.79    -1.26
      0.7    -1.36    -0.75
     0.68     0.18     0.35
      0.6     0.06     0.44
    -0.01    -0.57    -0.02
    -0.07     0.34     1.09
     0.66     0.63     0.92
     1.44    -0.44     0.15
    -0.35     1.57     0.87
     0.37     1.47     0.19
     1.45    -0.51    -0.33
    -0.46    -0.44    -0.22
    -1.67     1.94      0.4
    -1.94     1.98      1.3
    -0.33    -1.17    -1.67
    -0.22    -0.94     0.23
     0.58    -0.35     1.18
     -0.5    -0.63    -0.93
     0.09    -0.87     1.51
     1.18    -0.13     1.14
     -0.1     0.11     0.64
    -1.72        0     0.57
    -1.69    -0.01     0.85
     0.21    -0.66    -0.36
        0    -1.71     0.28
      0.2    -2.38     1.19
        0    -0.75    -1.24
     0.74    -1.41    -0.73
     1.52     -1.7     1.44
     0.63     0.05     0.38
     0.06    -0.55    -0.09
    -0.61    -1.39    -1.06
     0.63     0.65     0.98
     1.44    -0.33     0.15
     0.86    -1.77    -0.93
     0.36     1.53     0.31
     1.49    -0.37    -0.27
     2.12    -3.05     0.64
    -0.79    -0.45     0.23
    -0.97    -0.96    -0.33
    -0.13     0.01    -0.27
    -0.77    -0.69     0.25
    -0.61    -0.42     0.35
    -1.27     0.96     0.27
    -0.77     0.02    -0.38
    -0.71     0.26     0.01
    -0.62     0.63     0.44
     0.35    -0.78    -0.54
     0.27    -0.46    -0.19
     0.26     -0.1     1.05
     0.37    -0.96    -0.33
     0.49    -0.92    -0.19
     0.28    -0.36     0.45
     0.34    -0.66    -0.33
        0    -0.07    -0.56
     0.51     0.14    -0.26
     0.86    -0.69    -1.14
     0.66    -0.04    -0.03
     0.01    -0.31     1.49
     1.03     -0.7    -0.64
     1.19    -0.86    -0.75
     1.02    -1.02     0.33
     0.31     -0.7    -0.26
      0.2     0.01    -0.64
     0.92    -0.03     -0.5
    -0.95    -0.96    -0.28
    -0.21     0.08    -0.26
    -0.18     0.27    -0.35
    -0.59    -0.43     0.33
    -1.24     0.94      0.3
    -1.08     1.26    -0.01
    -0.68     0.25    -0.04
    -0.54      0.6     0.41
    -0.52     0.82     0.49
     0.25    -0.45     -0.2
     0.26    -0.11     1.03
      0.2    -0.02     1.59
     0.51    -0.93     -0.2
     0.29    -0.39     0.45
      0.2     0.14     0.67
     0.02    -0.09    -0.57
     0.55     0.12    -0.29
     0.82     0.13    -0.27
     0.59     0.04     0.03
    -0.02    -0.23     1.52
    -0.18    -0.51     2.03
     1.22    -0.86    -0.77
        1    -1.05     0.36
     0.61     -0.7        1
     0.21    -0.01    -0.64
     0.91    -0.05    -0.46
     1.12    -0.31    -0.51
    -0.22     0.09    -0.29
    -0.19     0.26    -0.46
    -0.07    -0.62     -0.7
     -1.3        1     0.27
    -1.16     1.31    -0.08
     0.15        0    -0.58
    -0.59     0.62     0.45
    -0.64     0.85     0.55
    -0.71     0.76      0.2
     0.24    -0.11     1.06
     0.18     0.01     1.49
     0.38    -0.33      0.7
     0.25    -0.31     0.46
     0.14     0.24     0.59
     0.42     0.31    -0.13
     0.52     0.16    -0.25
     0.72      0.2    -0.22
     0.27     0.28    -0.53
     0.02    -0.37     1.56
    -0.12     -0.5     2.03
     0.25     -0.2     1.07
     1.01    -1.01     0.41
     0.62    -0.61     0.91
     0.21     0.23     0.16
     0.97    -0.03    -0.51
     1.15     -0.3    -0.62
     0.47    -0.39    -1.13
    -0.23     0.35    -0.35
     0.02    -0.58    -0.58
     0.44     -1.4    -0.65
    -1.04     1.24     0.01
      0.2     0.07    -0.52
     1.51    -1.68    -0.88
    -0.44     0.78     0.46
    -0.55     0.75     0.11
    -0.71     0.46    -0.18
     0.19    -0.01     1.58
     0.38    -0.31     0.84
     0.59    -0.81    -0.63
     0.23     0.12     0.65
     0.43     0.31    -0.04
     0.72      0.1    -1.17
     0.86      0.1     -0.3
      0.4     0.15    -0.64
    -0.37     0.24    -0.99
    -0.19     -0.5     2.02
     0.22    -0.32     1.12
     0.71     0.13    -0.48
     0.58    -0.68        1
     0.16     0.17     0.34
        0     0.97    -1.08
     1.08    -0.31    -0.52
      0.4    -0.41    -1.06
    -0.49    -0.31    -1.81
     0.03    -0.57    -0.61
     0.57    -1.51    -0.69
    -0.47    -1.69    -0.97
     0.17     0.09    -0.51
     1.46    -1.61    -0.86
     0.66    -1.84    -0.36
    -0.61     0.78     0.16
    -0.78     0.54    -0.16
    -0.83     0.08      0.6
     0.36    -0.27     0.83
     0.65    -0.76    -0.65
    -0.21    -1.08    -1.46
     0.41     0.32    -0.04
     0.67     0.13    -1.14
     0.29     0.05    -1.19
     0.42     0.16    -0.62
    -0.37     0.23    -0.95
     -0.5    -0.17    -0.72
     0.19    -0.27     1.19
     0.67     0.27    -0.42
     0.49     0.45    -0.97
     0.21     0.12     0.34
    -0.03     0.91    -1.05
     0.45     0.69     -1.5
     0.49    -0.42    -1.06
    -0.45    -0.37     -1.8
    -0.24    -0.34    -1.79
    -0.74    -0.68     0.21
    -0.56    -0.43     0.33
    -1.16     0.87     0.32
    -0.66    -0.05    -0.39
    -0.65     0.22     -0.1
    -0.42     0.54     0.35
    -0.49     0.31    -0.65
    -0.36     0.41    -0.54
     0.74     0.18     0.09
     0.41    -0.94    -0.35
     0.55    -0.94    -0.24
     0.38    -0.44     0.41
     0.49    -0.75    -0.25
     0.03     -0.1    -0.62
     0.58     0.11    -0.36
     0.34    -0.41    -0.24
    -0.35     0.11    -0.71
     0.48     0.32    -0.57
     1.06    -0.66    -0.66
     1.22    -0.84     -0.8
     1.02    -1.03      0.3
     0.38    -0.75     -0.2
     0.17        0    -0.61
     0.85     0.02    -0.47
     -0.3    -0.52    -0.14
    -0.56     0.24     -0.5
     0.18     0.55    -0.45
    -0.58    -0.43     0.33
    -1.22     0.93      0.3
    -1.08     1.26     0.03
    -0.68     0.23    -0.07
    -0.48     0.56     0.38
    -0.41     0.76     0.53
    -0.37     0.44    -0.53
     0.74     0.15     0.16
      0.8      0.2     0.71
     0.53    -0.92     -0.2
     0.32    -0.37     0.42
     0.26     0.14     0.56
     0.02    -0.09    -0.59
     0.55     0.13    -0.34
     0.87     0.12    -0.31
    -0.34     0.13    -0.71
     0.53     0.31    -0.54
     1.06     0.17    -0.38
     1.21    -0.87    -0.74
     1.01    -1.02     0.34
     0.67    -0.66     0.85
     0.19        0    -0.63
     0.89     0.01    -0.49
     1.13    -0.26    -0.61
    -0.53     0.25    -0.52
     0.23     0.53    -0.49
     0.81     0.01     -0.8
    -1.26     0.94     0.29
    -1.16      1.3    -0.01
     0.05     0.15    -0.49
    -0.54     0.58     0.41
    -0.53     0.79     0.55
    -0.71     0.82     0.29
     0.71     0.16      0.2
     0.74     0.19     0.79
    -0.62     0.73     0.83
     0.27    -0.35     0.42
     0.19      0.2     0.56
     0.41     0.33    -0.15
     0.52     0.15     -0.3
      0.8     0.16    -0.26
     0.37     0.22    -0.55
     0.55      0.3    -0.51
     1.07     0.19    -0.31
     0.49    -0.01    -0.28
     1.01    -1.02     0.35
     0.67    -0.65     0.84
     0.23     0.14      0.1
      0.9    -0.01    -0.51
     1.15    -0.27    -0.63
     0.55    -0.45    -1.17
     0.26     0.51    -0.51
     0.85        0    -0.82
     0.69    -0.69     -1.4
    -1.11     1.28        0
     0.12     0.09    -0.53
     1.52    -1.75    -0.84
    -0.52     0.82     0.51
    -0.63     0.78     0.19
    -0.75     0.51    -0.11
     0.66     0.26     0.76
    -0.75      0.8     0.74
    -2.35     1.37     0.42
     0.19     0.17     0.62
     0.42     0.31    -0.07
     0.78    -0.02    -1.15
     0.82     0.14    -0.27
     0.37     0.21    -0.58
     -0.4     0.28    -0.89
     1.08     0.15    -0.37
     0.43    -0.07     -0.4
     -0.9     -0.2    -0.51
     0.62    -0.67     0.94
     0.19     0.19     0.26
     0.01     0.94    -1.15
     1.12    -0.31    -0.57
     0.45     -0.4    -1.11
    -0.46    -0.29    -1.77
     0.87    -0.08    -0.91
     0.58    -0.75    -1.54
    -0.34    -0.96    -1.99
      0.1     0.13    -0.49
     1.45    -1.62    -0.83
     0.79    -1.98    -0.34
    -0.61     0.78     0.18
    -0.79     0.55    -0.13
    -0.85     0.13      0.6
    -0.65     0.76     0.72
    -2.25     1.24     0.39
    -2.13     1.14     0.83
     0.41     0.32    -0.03
     0.72     0.05    -1.13
     0.32    -0.06    -1.16
     0.41     0.18    -0.58
    -0.37     0.25    -0.91
    -0.53    -0.15    -0.66
     0.52     -0.1    -0.45
    -0.74    -0.27    -0.58
    -1.15    -0.85    -0.74
     0.21     0.14     0.35
    -0.01     0.93    -1.06
     0.42     0.71     -1.5
     0.49    -0.42    -1.05
    -0.44    -0.33    -1.77
    -0.23    -0.31    -1.74
     0.61    -0.73    -1.54
    -0.31    -0.97    -2.07
     -0.6    -0.94    -1.98
    -0.71    -0.02     -0.4
    -0.67     0.23    -0.07
    -0.48     0.57     0.37
    -0.62     0.39    -0.68
    -0.32     0.44    -0.51
     0.74     0.17     0.18
    -0.52     0.09    -0.15
     0.29    -0.38    -0.44
      1.4    -0.37    -0.06
     0.46    -0.73    -0.26
     0.01     -0.1     -0.6
     0.56      0.1    -0.34
     0.26    -0.34    -0.29
    -0.33     0.13     -0.7
     0.53     0.32    -0.56
    -0.19    -0.15    -0.21
    -0.33    -0.61    -0.07
     0.16     -0.2     0.06
     0.38    -0.76    -0.19
     0.15        0    -0.63
     0.86     0.01    -0.48
    -0.29     -0.5    -0.16
    -0.55     0.23    -0.51
     0.22     0.54    -0.48
    -0.46    -0.19    -0.64
    -0.44    -0.45    -0.08
    -0.38    -0.27     0.51
    -0.68     0.24    -0.05
    -0.53      0.6     0.42
     -0.5      0.8     0.53
    -0.34     0.45     -0.5
     0.74     0.16     0.22
     0.72     0.23     0.79
     0.27    -0.32    -0.46
     1.46    -0.39    -0.06
     1.38    -0.18     0.42
     0.02    -0.08     -0.6
     0.53     0.14    -0.31
     0.82     0.15    -0.28
    -0.32     0.15    -0.71
     0.57     0.31    -0.51
     1.08     0.17    -0.33
    -0.31     -0.6    -0.08
     0.26    -0.22     0.04
     0.66     0.17     0.34
     0.19     0.03    -0.63
     0.91     0.01     -0.5
     1.15    -0.27    -0.62
    -0.51     0.26    -0.52
     0.27      0.5    -0.51
     0.84    -0.02    -0.84
    -0.45    -0.45    -0.03
    -0.38    -0.28     0.53
    -0.04    -0.23     0.59
    -0.54      0.6     0.41
     -0.5      0.8      0.5
     -0.6     0.78     0.18
     0.72     0.18      0.2
      0.7     0.25     0.74
    -0.61     0.73      0.7
     1.42    -0.36    -0.05
     1.32     -0.1     0.44
    -0.04     0.12     0.65
     0.54     0.11    -0.29
     0.83     0.13    -0.27
     0.43     0.17    -0.61
     0.56     0.32    -0.54
     1.08     0.15    -0.41
     0.54    -0.11    -0.46
      0.2    -0.18     0.03
     0.64     0.16      0.3
     0.66     0.03     0.33
     0.93    -0.07    -0.46
     1.13     -0.3    -0.52
     0.49    -0.42    -1.06
     0.29     0.53    -0.53
     0.85        0    -0.87
     0.62    -0.71    -1.53
    -0.36     -0.2     0.46
        0    -0.27     0.43
     0.48     -0.4     -0.5
    -0.48     0.79     0.52
    -0.64      0.8     0.22
    -0.95     0.67    -0.06
     0.72     0.23     0.74
    -0.63     0.74     0.78
    -2.33     1.32     0.45
     1.37    -0.16     0.41
    -0.04     0.08     0.62
    -1.71     0.02     0.57
     0.84     0.13    -0.29
     0.39     0.18     -0.6
    -0.47     0.25    -0.85
     1.07     0.16    -0.36
     0.51    -0.06    -0.36
     -0.8    -0.24    -0.44
     0.65     0.17     0.34
     0.63     0.08     0.43
     0.03    -0.51        0
     1.13    -0.28     -0.6
     0.48    -0.46    -1.17
    -0.48    -0.44    -1.82
     0.84    -0.02    -0.86
     0.63    -0.73    -1.48
    -0.23    -0.95    -1.97
    -0.04    -0.25     0.55
     0.53    -0.32    -0.32
     0.77    -0.28    -1.57
    -0.63     0.79      0.2
    -0.81     0.57    -0.11
    -0.88     0.17     0.64
    -0.68     0.76     0.73
     -2.3     1.29     0.42
    -2.16     1.26     0.89
    -0.13      0.1     0.65
    -1.78     0.05     0.57
    -1.74     0.14     0.83
     0.41     0.18     -0.6
     -0.4     0.25     -0.9
    -0.57    -0.18     -0.6
     0.49    -0.09    -0.41
     -0.8    -0.25    -0.53
    -1.19    -0.84    -0.67
     0.62     0.04     0.37
    -0.02    -0.57    -0.13
    -0.71    -1.37    -1.06
     0.49    -0.43     -1.1
    -0.46    -0.37    -1.79
    -0.24    -0.35     -1.7
     0.62    -0.74    -1.53
    -0.29    -0.97    -2.03
    -0.58    -0.99    -1.93
     0.54    -0.37     -0.5
     0.63    -0.34    -1.73
     0.09    -0.56    -2.33
    -0.64     0.41     -0.7
    -0.34     0.44    -0.49
     0.67      0.2     0.21
    -0.54     0.09    -0.19
     0.34    -0.31    -0.46
     1.46    -0.35    -0.02
    -0.51    -1.04      1.1
     0.55    -1.85        0
     0.98    -1.05    -0.22
     0.22    -0.33    -0.31
    -0.32     0.13     -0.7
     0.55     0.32    -0.55
    -0.22    -0.19    -0.17
     -0.3    -0.58    -0.09
     0.25    -0.18     0.03
    -0.38    -0.49     0.33
    -0.04     -1.7     0.97
    -0.19    -0.84     0.97
    -0.31    -0.48    -0.19
    -0.54     0.25     -0.5
     0.24     0.53     -0.5
    -0.43    -0.24    -0.63
    -0.45    -0.45    -0.03
    -0.36    -0.24      0.5
     0.25     -0.3    -1.21
      0.2    -1.38     0.65
    -0.58    -1.33     1.82
    -0.33     0.45    -0.49
     0.74     0.16      0.2
     0.72     0.24     0.73
     0.28    -0.37    -0.44
     1.41    -0.38    -0.06
     1.34    -0.11     0.42
     0.44    -1.97     0.14
     0.84    -1.13    -0.14
     0.66    -0.38    -0.31
    -0.33     0.14    -0.71
     0.54     0.33    -0.54
     1.08     0.16     -0.4
    -0.33    -0.57    -0.11
      0.2    -0.19     0.03
     0.63     0.15      0.3
    -0.06    -1.64     0.99
    -0.25    -0.92     1.07
    -0.16     0.28     1.22
    -0.51     0.25    -0.54
     0.28     0.54    -0.53
     0.86     0.01    -0.86
    -0.47     -0.4    -0.11
    -0.35     -0.2     0.44
    -0.02    -0.24     0.43
     0.22    -1.28     0.44
    -0.53    -1.39     1.72
    -0.85    -0.44     2.41
     0.74     0.16     0.23
     0.66     0.24      0.8
    -0.74      0.8     0.79
     1.45    -0.37    -0.04
     1.34    -0.14     0.46
    -0.17     0.12     0.64
     0.87    -1.09    -0.16
     0.69    -0.43    -0.36
      0.2    -0.69    -0.34
      0.6     0.31    -0.52
     1.07     0.17    -0.34
     0.41        0    -0.34
     0.27    -0.16     0.03
     0.71     0.17      0.3
     0.58     0.03     0.36
    -0.24    -0.81     1.05
    -0.05     0.35     1.13
      0.7     0.57     0.93
     0.37      0.5    -0.57
     0.94    -0.06    -0.92
     0.64    -0.72     -1.5
    -0.32    -0.17     0.45
      0.1    -0.22     0.32
     0.58     -0.4    -0.59
    -0.63     -1.3     1.85
    -0.76    -0.24      2.3
     0.48     0.62      1.1
     0.71     0.24     0.75
    -0.65     0.74     0.78
    -2.36     1.35     0.46
     1.36    -0.13     0.41
    -0.03     0.07     0.61
    -1.69    -0.01     0.57
     0.69    -0.44    -0.35
     0.23    -0.65    -0.41
     0.02    -1.72     0.22
     1.08     0.15    -0.38
     0.47    -0.06    -0.35
    -0.85    -0.21    -0.43
     0.64     0.16     0.33
     0.62     0.06     0.41
     0.03    -0.52    -0.02
    -0.13     0.29     1.16
     0.62     0.67     0.99
     1.42    -0.34     0.19
     0.87    -0.05     -0.9
     0.62    -0.73    -1.51
    -0.26    -0.95    -1.95
        0    -0.26     0.46
     0.55    -0.35    -0.42
     0.72    -0.32    -1.61
    -0.83     -0.3     2.43
     0.34      0.7      1.4
     2.07     0.67    -0.98
    -0.69     0.76     0.74
    -2.33     1.31     0.43
    -2.21     1.32     0.93
    -0.11     0.09     0.63
    -1.75     0.03     0.57
    -1.72     0.08     0.88
     0.21    -0.69    -0.38
        0    -1.74     0.31
     0.17    -2.33     1.19
     0.48    -0.08    -0.38
    -0.82    -0.25     -0.5
     -1.2    -0.87    -0.66
     0.61     0.04      0.4
     0.01    -0.55    -0.08
    -0.68    -1.38    -1.02
     0.65     0.64     0.96
     1.44    -0.38     0.13
     0.74    -1.77    -0.95
      0.6    -0.73    -1.51
    -0.27    -0.95       -2
    -0.56    -0.99    -1.94
     0.54    -0.36    -0.43
      0.7     -0.3    -1.67
     0.18    -0.55    -2.35
     0.38     0.72     1.36
     2.08     0.67    -1.08
     1.67    -0.13    -2.58
    -0.51      0.1    -0.17
     0.33    -0.37    -0.44
      1.5    -0.42    -0.05
    -0.62    -0.75     1.23
     0.47    -1.97     0.09
     0.88    -1.18    -0.23
    -1.46    -1.54      2.6
    -0.88    -2.68     0.46
    -0.83    -1.31    -0.09
    -0.23    -0.21    -0.18
    -0.29    -0.61    -0.07
     0.28    -0.23     0.07
    -0.37    -0.39     0.18
    -0.03    -1.71     1.01
    -0.18    -0.89     0.99
    -0.04    -0.37     0.41
     0.68    -2.06     0.78
    -0.06     -0.1     0.97
    -0.46    -0.29    -0.59
    -0.46    -0.45     0.02
    -0.38    -0.29     0.59
     0.27    -0.33    -1.22
     0.21     -1.4     0.66
     -0.6    -1.31      1.9
     0.82    -0.58    -1.72
      1.3    -2.02    -0.14
    -0.12        0     1.61
     0.34    -0.37    -0.44
      1.5    -0.39    -0.03
     1.34    -0.19     0.47
     0.51    -1.94     0.03
     0.95    -1.12    -0.25
      0.7    -0.56    -0.49
    -0.87    -2.61     0.35
    -0.79    -1.31    -0.19
    -0.58    -0.66     -0.9
    -0.28    -0.62    -0.05
     0.29    -0.21     0.07
      0.7     0.19     0.35
    -0.03    -1.74     1.01
    -0.16    -0.82     0.94
     0.01     0.35     0.97
     0.59    -1.97     0.79
    -0.15        0     0.93
     -0.3     1.46     0.63
    -0.44    -0.49     0.06
    -0.39    -0.29      0.6
     0.01    -0.21     0.55
      0.2    -1.46     0.75
    -0.63    -1.26     1.95
    -0.76    -0.02     2.41
     1.28    -1.97    -0.07
    -0.19     0.29     1.67
     -0.8     2.54     2.32
     1.46    -0.39    -0.04
     1.34    -0.14     0.44
    -0.12     0.12     0.65
     0.88    -1.11    -0.19
     0.67    -0.45    -0.38
     0.21    -0.67    -0.32
    -0.74    -1.14    -0.07
     -0.5    -0.38    -0.73
     0.08    -0.76    -1.21
     0.26     -0.2     0.05
     0.68     0.16     0.31
     0.62     0.05     0.37
    -0.23    -0.86     1.03
    -0.08     0.33     1.12
     0.68     0.62     0.96
     -0.1    -0.03      1.1
    -0.35     1.62     0.96
     0.45     1.46     0.35
    -0.36    -0.23     0.49
     0.03    -0.23     0.43
     0.53    -0.38    -0.48
    -0.58    -1.34     1.83
    -0.81    -0.26     2.38
     0.37     0.64     1.28
    -0.23    -0.18     1.76
    -0.95     2.06     2.65
     0.08     2.37     1.77
     1.33    -0.13     0.46
    -0.14     0.11     0.64
    -1.85     0.12     0.57
      0.7    -0.46    -0.39
     0.19     -0.7    -0.37
     -0.1    -1.73     0.33
     -0.5    -0.42    -0.72
     0.04    -0.78    -1.25
     0.78    -1.51    -0.61
     0.69     0.16     0.31
      0.6     0.04     0.38
    -0.11    -0.55    -0.06
    -0.06     0.34     1.11
     0.68      0.6     0.93
     1.36    -0.44     0.13
    -0.35     1.58     0.95
     0.44     1.43     0.31
     1.63    -0.51    -0.23
     0.06    -0.24      0.4
     0.57    -0.37     -0.5
     0.64    -0.38    -1.67
    -0.79    -0.23     2.36
     0.43     0.68     1.25
     2.05      0.6    -1.13
    -0.94     2.07     2.65
      0.1     2.38     1.71
     2.07     0.04    -0.41
     -0.1      0.1     0.64
    -1.79      0.1     0.56
     -1.8     0.23     0.89
     0.19    -0.72    -0.41
    -0.09    -1.73     0.31
     0.08    -2.23     1.22
     0.02    -0.82    -1.27
     0.75    -1.53    -0.61
     1.53    -1.96      1.6
     0.62     0.06      0.4
    -0.03    -0.53    -0.05
    -0.73    -1.35    -0.96
     0.67     0.62     0.94
     1.38    -0.42     0.16
     0.66     -1.8    -0.89
     0.42     1.41     0.21
     1.58    -0.53    -0.26
     2.06    -3.02     0.65
     0.55    -0.34     -0.4
      0.7    -0.33    -1.63
     0.15    -0.58    -2.32
     0.39     0.75     1.36
     2.08     0.63    -1.04
     1.59    -0.19    -2.56
     0.07     2.51     1.65
     1.97    -0.01    -0.33
     2.57    -3.45    -0.93
     0.37    -0.79    -0.57
     0.29    -0.48    -0.18
     0.25    -0.14     1.02
     0.43    -0.95    -0.36
     0.52    -0.92    -0.22
     0.29    -0.37     0.43
     0.43    -0.72    -0.29
     0.01    -0.08     -0.6
     0.53     0.14    -0.31
     0.83    -0.66    -1.15
     0.62    -0.02     0.04
     0.02    -0.33     1.52
     1.05    -0.67    -0.69
      1.2    -0.85    -0.74
     1.01    -1.02     0.34
     0.28    -0.68    -0.26
     0.18     0.02    -0.64
     0.91    -0.01    -0.49
    -0.01    -0.28    -0.66
    -0.14     0.14     0.04
    -0.64     -0.7     0.54
     0.61    -0.11     -0.7
     0.67    -0.03     -0.9
     0.07    -0.01     0.23
     -0.7     0.12    -0.37
    -0.32     0.76     0.19
    -0.01     0.85     0.36
     0.27    -0.46    -0.17
     0.25    -0.15     1.05
     0.14    -0.01     1.57
     0.52    -0.93    -0.22
     0.33     -0.4     0.41
     0.28      0.1     0.58
        0    -0.11     -0.6
     0.53     0.14    -0.34
     0.89     0.11    -0.31
     0.62        0     0.01
     0.05    -0.36     1.46
    -0.14    -0.59     1.99
     1.21    -0.85    -0.78
     1.03    -1.02     0.28
     0.69     -0.7     0.84
     0.17    -0.01    -0.63
     0.85     0.02    -0.49
     1.13    -0.24    -0.59
    -0.12     0.18     0.02
     -0.6    -0.67     0.46
    -0.54    -0.87     0.46
     0.72    -0.04    -0.95
     0.08     0.03     0.14
    -0.44     0.11     0.89
    -0.35     0.71     0.11
    -0.06     0.89     0.39
    -0.19      0.6      0.1
     0.25    -0.12     1.03
     0.18    -0.01     1.56
     0.38    -0.28     0.82
      0.3    -0.37     0.45
     0.22     0.15     0.64
     0.42     0.32    -0.04
     0.57     0.12    -0.32
     0.85      0.1     -0.3
     0.43     0.15    -0.64
    -0.01    -0.26     1.53
    -0.17    -0.51     2.03
      0.2    -0.28     1.13
        1    -1.03     0.37
     0.61     -0.7     0.97
     0.18     0.15     0.31
     0.92    -0.04    -0.47
     1.11    -0.29    -0.52
     0.45    -0.43    -1.08
    -0.69    -0.65     0.59
    -0.55    -0.97     0.35
     0.17    -0.08    -0.09
     0.06    -0.04     0.18
    -0.45        0     0.96
    -0.41    -0.01     0.53
    -0.06     0.87     0.39
    -0.25     0.55     0.14
    -0.76    -0.21     -0.8
     0.18    -0.03     1.59
     0.38    -0.27     0.81
     0.68    -0.74    -0.72
     0.22     0.13     0.64
     0.42     0.32    -0.05
     0.65     0.13    -1.15
     0.85     0.11    -0.28
     0.43     0.16    -0.62
    -0.39     0.22    -0.94
    -0.17    -0.52     2.02
      0.2    -0.23     1.12
     0.64      0.4     -0.5
     0.61     -0.7     0.97
     0.18     0.14     0.28
    -0.04     0.88    -1.12
     1.12     -0.3    -0.52
     0.47    -0.44    -1.09
    -0.47    -0.41    -1.82
    -0.53    -0.94     0.35
     0.16    -0.03    -0.02
     0.82      1.2    -0.16
    -0.45     0.02     0.94
    -0.42    -0.01      0.5
     0.07    -0.23    -0.77
    -0.23     0.55     0.12
    -0.73    -0.22    -0.83
    -1.18    -1.08    -2.06
     0.37    -0.27     0.79
      0.7    -0.79    -0.73
    -0.23    -1.07    -1.49
     0.42     0.32    -0.05
     0.69     0.05    -1.13
     0.29    -0.09    -1.08
     0.42     0.18    -0.58
     -0.4     0.26    -0.88
    -0.62    -0.17    -0.57
     0.21    -0.21     1.09
     0.64      0.4    -0.55
     0.42     0.39    -1.03
     0.19     0.16     0.26
    -0.04     0.89    -1.16
     0.41     0.64    -1.47
     0.49    -0.44    -1.09
    -0.44    -0.38    -1.78
    -0.28    -0.37     -1.7
     0.19     0.03     0.03
     0.82     1.22    -0.18
     0.84     1.12     0.01
    -0.39    -0.02     0.43
     0.05    -0.15    -0.87
     1.21    -0.79    -1.23
    -0.69    -0.28    -0.93
    -1.16    -1.07    -2.15
    -0.38     -1.1    -2.02
     0.43    -0.96    -0.36
     0.54    -0.93    -0.21
     0.33    -0.41     0.46
     0.37    -0.69    -0.33
     0.03    -0.08    -0.58
     0.56     0.12    -0.29
     0.12    -0.31    -0.37
    -0.28     0.16     -0.7
     0.61     0.32    -0.51
     1.04    -0.67    -0.69
     1.21    -0.84    -0.75
     1.01    -1.03     0.36
     0.28    -0.67    -0.27
      0.2     0.02    -0.63
     0.92    -0.02    -0.48
    -0.38    -0.47    -0.25
     -0.5     0.28    -0.52
     0.31     0.51    -0.52
     0.58    -0.11    -0.67
     0.64     0.02    -0.87
     0.02     0.05     0.21
    -0.73      0.1    -0.35
    -0.33     0.75     0.18
    -0.03     0.87     0.37
    -1.35     0.33    -0.35
    -0.47     0.46     0.17
    -0.04     0.67     0.41
      0.5    -0.92     -0.2
     0.27    -0.35     0.42
     0.18     0.19     0.57
     0.03     -0.1    -0.59
     0.53     0.14    -0.32
     0.84     0.15    -0.29
    -0.34     0.13    -0.72
     0.53     0.32    -0.55
     1.07     0.17    -0.39
     1.21    -0.88    -0.73
        1    -1.05     0.38
     0.65    -0.67     0.91
     0.22    -0.01    -0.63
     0.92    -0.04    -0.48
     1.15    -0.28    -0.58
    -0.52     0.27    -0.51
     0.26     0.54    -0.49
     0.83        0    -0.85
     0.72    -0.09    -0.94
     0.08    -0.09     0.23
    -0.36    -0.06     0.95
    -0.27     0.75     0.14
    -0.03     0.84     0.37
    -0.15     0.48     0.06
    -0.49     0.51     0.26
    -0.06     0.73     0.48
    -0.11     0.22     -0.4
     0.28    -0.37     0.44
     0.18     0.17     0.64
     0.42     0.31    -0.04
     0.52     0.13    -0.27
     0.78     0.15    -0.25
     0.38     0.21    -0.57
     0.61     0.32    -0.51
     1.08     0.16    -0.35
     0.44    -0.04    -0.37
     1.01    -1.04     0.36
     0.63    -0.68     0.95
      0.2     0.16     0.27
     0.93    -0.04    -0.49
     1.14     -0.3    -0.56
     0.49    -0.42    -1.09
     0.32     0.49    -0.54
     0.89    -0.04    -0.89
     0.63    -0.72     -1.5
     0.07    -0.01     0.21
    -0.39    -0.02     0.94
    -0.39    -0.02     0.46
        0     0.83     0.33
    -0.13     0.45     0.02
    -0.65     -0.3    -0.94
    -0.02     0.68      0.4
    -0.06     0.14    -0.49
    -0.68     -0.5     -1.9
     0.23     0.15     0.62
     0.42     0.31    -0.03
     0.67     0.14    -1.14
     0.82     0.14    -0.29
     0.41     0.18    -0.61
    -0.37     0.23    -0.95
     1.07     0.15    -0.35
     0.46    -0.09    -0.42
    -0.79    -0.28     -0.6
     0.65    -0.69      0.9
      0.2     0.12      0.3
    -0.04     0.89    -1.06
     1.13    -0.28    -0.59
     0.48    -0.43    -1.11
    -0.47    -0.39    -1.81
     0.86    -0.04    -0.87
      0.6    -0.73    -1.53
    -0.32    -0.96    -2.08
    -0.41     0.04     0.91
    -0.45        0     0.51
     0.05    -0.23    -0.71
    -0.16     0.51     0.04
    -0.71    -0.23    -0.89
    -1.18    -1.08    -2.05
    -0.08     0.16    -0.44
    -0.74    -0.46    -1.86
    -1.69    -0.43    -2.73
     0.42     0.31    -0.09
     0.72     0.03    -1.14
     0.27     -0.1    -1.06
     0.39     0.17    -0.59
    -0.43     0.25    -0.89
    -0.59    -0.19    -0.57
      0.5     -0.1    -0.42
    -0.78    -0.26    -0.53
    -1.19    -0.84    -0.68
      0.2     0.16     0.25
    -0.02      0.9    -1.16
     0.43     0.65    -1.47
     0.48    -0.44    -1.11
    -0.47    -0.37    -1.79
    -0.23    -0.35    -1.69
     0.61    -0.74    -1.53
     -0.3    -0.96    -2.03
    -0.58    -0.98    -1.95
    -0.38    -0.01     0.45
     0.08    -0.09    -0.83
     1.24    -0.74    -1.17
     -0.7    -0.28    -0.91
    -1.13    -1.07    -2.11
    -0.31    -1.13    -1.99
    -0.77    -0.46    -1.89
    -1.66    -0.47    -2.73
    -1.55    -0.39    -2.25
     0.42    -0.71    -0.28
     0.01    -0.09    -0.59
     0.51     0.14    -0.28
      0.2    -0.35    -0.32
    -0.32     0.14    -0.71
     0.58     0.32    -0.51
    -0.21    -0.19     -0.2
    -0.32    -0.59    -0.07
     0.23    -0.19     0.04
      0.3    -0.68    -0.27
     0.22    -0.01    -0.64
     0.93    -0.06    -0.48
    -0.39    -0.46    -0.23
    -0.49     0.29    -0.52
      0.3     0.52    -0.54
    -0.48    -0.26    -0.61
    -0.46    -0.41    -0.05
    -0.35    -0.21     0.48
    -0.64      0.1    -0.36
    -0.27     0.73     0.13
     0.02      0.8     0.33
    -1.38     0.36    -0.33
    -0.47     0.51     0.23
    -0.04     0.72      0.4
    -0.56     0.12    -1.18
     0.21    -0.54    -0.51
    -0.01    -0.59     0.69
        0    -0.07    -0.58
     0.54     0.13     -0.3
     0.85     0.12    -0.28
     -0.3     0.15    -0.71
     0.57     0.32    -0.53
     1.09     0.15     -0.4
    -0.33     -0.6    -0.07
     0.18     -0.2     0.08
     0.61     0.16     0.34
     0.22    -0.01    -0.64
     0.92    -0.04    -0.48
     1.13    -0.28    -0.57
     -0.5     0.28    -0.52
     0.28     0.53    -0.51
     0.83    -0.01    -0.86
    -0.46    -0.42    -0.06
    -0.37    -0.24     0.51
    -0.04    -0.28      0.5
    -0.29     0.72     0.13
    -0.02     0.85     0.37
    -0.18     0.51     0.09
    -0.49      0.5     0.21
    -0.06     0.73     0.46
    -0.13     0.23    -0.38
      0.2    -0.55    -0.59
     0.04    -0.62     0.66
    -0.33    -0.88     0.42
     0.54     0.14    -0.31
     0.86     0.12     -0.3
     0.45     0.15    -0.62
     0.57     0.31    -0.52
     1.08     0.16    -0.36
     0.55     -0.1     -0.4
     0.27    -0.22     0.03
     0.66     0.16     0.34
     0.64     0.07     0.41
     0.88     0.01     -0.5
     1.13    -0.25     -0.6
      0.5    -0.48    -1.14
     0.24     0.52    -0.51
     0.83        0    -0.82
     0.64     -0.7    -1.48
    -0.39    -0.27     0.51
    -0.06    -0.25     0.57
     0.48    -0.32    -0.28
    -0.04      0.9     0.38
    -0.18     0.55     0.05
    -0.73    -0.21    -0.94
    -0.05     0.66     0.43
    -0.08     0.18    -0.34
    -0.68    -0.45    -1.79
        0    -0.69     0.67
    -0.33    -0.93     0.63
    -0.49    -0.63    -0.94
     0.82     0.13    -0.27
     0.41     0.18    -0.61
    -0.37     0.25    -0.95
     1.08     0.15    -0.37
     0.47     -0.1    -0.44
    -0.78    -0.26    -0.59
     0.68     0.17     0.33
      0.6        0     0.33
    -0.06    -0.59    -0.21
     1.13    -0.29    -0.56
     0.47    -0.41    -1.07
    -0.45    -0.35    -1.79
     0.86    -0.04    -0.88
     0.59    -0.74    -1.55
    -0.33    -0.96    -2.06
     0.03    -0.25     0.43
     0.54     -0.4    -0.58
     0.57    -0.37    -1.81
    -0.18      0.5     0.08
     -0.7    -0.24    -0.84
    -1.12    -1.07    -2.03
     -0.1     0.19    -0.45
    -0.75    -0.45    -1.87
     -1.7    -0.48    -2.72
    -0.33    -0.88     0.38
    -0.56    -0.54    -1.31
    -0.86     0.84    -2.57
     0.39      0.2    -0.58
    -0.43     0.25    -0.86
    -0.64     -0.2    -0.56
      0.5    -0.05    -0.37
     -0.8    -0.22    -0.46
    -1.25     -0.8    -0.62
     0.61     0.07     0.41
    -0.01    -0.51    -0.01
    -0.69    -1.35    -0.94
      0.5    -0.44    -1.13
    -0.46    -0.41     -1.8
    -0.29     -0.4     -1.7
     0.65    -0.71    -1.48
    -0.23    -0.96    -1.97
    -0.58       -1    -1.95
     0.53    -0.32    -0.35
     0.71    -0.32    -1.58
     0.23    -0.54    -2.32
    -0.68     -0.3    -0.98
    -1.18    -1.07    -2.18
    -0.46     -1.1    -2.03
    -0.66    -0.49    -1.87
    -1.53    -0.44    -2.74
    -1.54    -0.28    -2.31
    -0.45    -0.57     -1.1
    -0.53     0.78    -2.51
    -0.76     1.02    -2.36
     0.18    -0.33    -0.34
    -0.31     0.14    -0.71
     0.57     0.32    -0.53
    -0.21    -0.18     -0.2
    -0.31     -0.6    -0.07
     0.21    -0.21     0.07
    -0.39    -0.34     0.15
    -0.05     -1.7        1
    -0.23    -0.91     1.05
    -0.37    -0.47    -0.22
    -0.52     0.27    -0.51
     0.27     0.51    -0.49
    -0.46    -0.24    -0.61
    -0.45    -0.44    -0.05
    -0.38    -0.27     0.54
     0.24    -0.27    -1.34
     0.24    -1.34     0.53
    -0.55    -1.39     1.81
     -1.4     0.39    -0.33
    -0.48     0.46      0.2
    -0.05     0.68     0.47
     -0.6     0.18    -1.15
     0.23    -0.58    -0.62
     0.01    -0.69     0.68
        1    -0.65    -2.43
     0.94     -1.3    -1.42
    -0.09    -1.93     1.02
    -0.32     0.15    -0.71
     0.57     0.32    -0.52
     1.08     0.17    -0.34
    -0.32    -0.58     -0.1
     0.23    -0.22     0.05
     0.64     0.16     0.35
    -0.04    -1.67     0.97
    -0.19    -0.96     0.99
     -0.1     0.28     1.07
     -0.5     0.27    -0.52
     0.28     0.52    -0.51
     0.83    -0.03    -0.84
    -0.46    -0.43    -0.05
    -0.38    -0.27     0.53
    -0.05    -0.25      0.6
     0.23    -1.32     0.53
    -0.54    -1.38      1.8
    -0.85    -0.24     2.47
    -0.45     0.48     0.22
    -0.03     0.66     0.43
    -0.09     0.11    -0.46
     0.21    -0.58    -0.59
    -0.01     -0.7      0.7
    -0.35    -0.95     0.58
     0.93     -1.3    -1.38
    -0.11    -1.93     1.09
    -0.86    -1.47     2.45
     0.57     0.32    -0.53
     1.08     0.16    -0.38
     0.54     -0.1    -0.39
     0.19    -0.21     0.05
     0.61     0.16     0.34
     0.65     0.08     0.43
    -0.25    -0.97     1.08
    -0.19     0.28     1.23
     0.57     0.76     1.07
     0.29     0.52    -0.53
     0.83    -0.01    -0.86
     0.62    -0.72     -1.5
    -0.36    -0.22     0.49
    -0.05    -0.28     0.54
     0.47    -0.35    -0.34
    -0.51    -1.42     1.74
    -0.88    -0.41     2.47
     0.17     0.66     1.58
    -0.05     0.73     0.45
     -0.1     0.22     -0.4
    -0.73    -0.44    -1.83
     0.03    -0.59     0.64
    -0.32    -0.89     0.47
    -0.56    -0.61    -1.08
     0.01    -1.89     0.84
    -0.77    -1.64     2.22
    -0.26    -0.41     1.09
     1.07     0.17    -0.37
     0.47    -0.05    -0.37
    -0.86    -0.16    -0.47
     0.68     0.17     0.33
      0.6     0.05     0.39
    -0.12    -0.54    -0.06
    -0.06     0.35      1.1
     0.68     0.59     0.92
     1.32    -0.49     0.14
     0.87    -0.05    -0.88
     0.63    -0.73     -1.5
    -0.29    -0.95    -1.96
     0.03    -0.25     0.45
     0.56    -0.36    -0.49
     0.63    -0.39    -1.66
    -0.79    -0.19      2.4
     0.46      0.7     1.24
     2.04     0.58    -1.15
    -0.09     0.15     -0.5
    -0.71     -0.5    -1.91
    -1.54    -0.53    -2.75
    -0.34    -0.88     0.36
    -0.48    -0.51    -1.31
    -0.64     0.78    -2.58
    -0.81    -1.43     2.28
    -0.05     -0.1     0.68
     1.38     1.39    -1.97
      0.5    -0.06    -0.38
    -0.82    -0.22    -0.46
    -1.27    -0.83    -0.61
     0.62     0.07      0.4
     0.01    -0.51     0.01
    -0.69    -1.35     -0.9
      0.6     0.64     0.96
     1.36    -0.35     0.23
     0.85    -1.83    -0.73
     0.61    -0.74    -1.51
    -0.24    -0.95    -1.98
    -0.56    -1.02    -1.91
     0.54    -0.33    -0.37
     0.75     -0.3    -1.58
     0.26    -0.57    -2.32
     0.32     0.73     1.45
     2.05     0.67    -0.88
     1.82    -0.25    -2.52
    -0.75     -0.5    -1.95
    -1.55    -0.38    -2.76
    -1.44    -0.29    -2.24
    -0.48    -0.53    -1.17
    -0.45     0.86    -2.51
    -0.65     0.95    -2.33
    -0.13    -0.15        1
      1.5     1.28    -1.73
     1.66      1.2    -2.43
    -0.22    -0.21    -0.19
    -0.31    -0.59    -0.07
     0.22     -0.2     0.07
    -0.37    -0.38     0.18
    -0.04    -1.68        1
    -0.22    -0.89     1.04
    -0.05    -0.38     0.41
     0.71    -2.06     0.82
    -0.05    -0.11     1.05
    -0.47    -0.26    -0.61
    -0.45    -0.43    -0.03
    -0.37    -0.27     0.56
     0.25     -0.3    -1.29
     0.23    -1.35     0.57
    -0.57    -1.37     1.85
     0.76    -0.48    -1.75
     1.31    -2.03    -0.18
    -0.12    -0.16     1.61
    -0.55     0.11     -1.2
     0.23    -0.59    -0.57
        0    -0.72     0.72
     1.01    -0.66    -2.44
     0.92    -1.33    -1.35
    -0.12    -1.94      1.1
     1.13    -0.65    -1.82
     1.23    -1.66    -1.64
    -0.35    -0.79     1.16
    -0.31    -0.58    -0.09
     0.26    -0.17     0.02
     0.69     0.16     0.27
    -0.05    -1.68     0.99
    -0.19    -0.84     0.98
    -0.04     0.32      1.1
     0.61    -1.99     0.88
    -0.15    -0.09     1.09
    -0.34     1.49     0.92
    -0.46    -0.43    -0.04
    -0.36    -0.22      0.5
     0.02    -0.24     0.41
      0.2    -1.38     0.63
     -0.6    -1.32     1.84
    -0.78    -0.26     2.36
     1.23    -1.98    -0.01
    -0.24    -0.13     1.78
    -0.92     2.07     2.62
     0.24     -0.6    -0.59
     0.01    -0.65      0.7
    -0.33    -0.87     0.42
      0.9    -1.36    -1.27
    -0.15    -1.93     1.17
    -0.79    -1.51     2.25
     1.15    -1.69    -1.47
    -0.45    -0.77     1.38
    -1.23     0.86     3.07
     0.25    -0.18     0.04
     0.69     0.17     0.31
      0.6     0.05     0.38
     -0.2    -0.86        1
    -0.04     0.33     1.07
     0.67     0.58     0.91
    -0.12    -0.11     1.08
    -0.34     1.51     0.86
     0.45     1.33     0.23
    -0.35    -0.23     0.52
     0.02    -0.23     0.46
     0.56    -0.36    -0.45
    -0.61    -1.32     1.87
    -0.79     -0.2     2.38
     0.44     0.71     1.29
    -0.22    -0.11     1.75
     -0.9     2.19     2.55
     0.13     2.42     1.65
    -0.02    -0.68     0.72
    -0.34    -0.89      0.4
    -0.47    -0.52    -1.26
    -0.19    -1.93     1.24
    -0.83    -1.43     2.32
    -0.07    -0.09     0.78
    -0.47    -0.71     1.42
    -1.24     1.03     3.04
    -0.22     1.45        2
     0.65     0.16     0.33
     0.62     0.06      0.4
     0.04    -0.52    -0.05
     -0.1     0.31     1.11
     0.62     0.66     0.95
     1.42    -0.35     0.17
    -0.35     1.56      0.9
     0.36      1.5     0.26
     1.51    -0.42    -0.28
    -0.03    -0.26     0.53
     0.52    -0.34    -0.37
     0.72     -0.3    -1.62
    -0.83    -0.26     2.43
     0.32     0.72     1.44
     2.05     0.68    -0.97
    -0.92      2.2     2.53
    -0.02     2.58     1.72
     1.82     0.11    -0.22
    -0.35    -0.93     0.47
     -0.5    -0.56    -1.13
    -0.55     0.85     -2.5
    -0.83    -1.49     2.35
    -0.14    -0.18        1
     1.42     1.28    -1.74
    -1.23     1.02     2.99
    -0.38     1.54     2.13
     1.79     0.04    -0.59
     0.62     0.04     0.38
     0.03    -0.53    -0.11
    -0.68    -1.34    -1.04
     0.66     0.62     0.94
     1.38    -0.38     0.13
     0.66     -1.7    -1.01
     0.42     1.36     0.22
     1.63     -0.5    -0.23
     2.04    -2.97      0.5
      0.5    -0.35    -0.37
     0.67    -0.31    -1.66
     0.17    -0.46    -2.35
     0.33     0.73     1.42
     2.02     0.67    -1.01
     1.68    -0.07    -2.61
     0.04     2.53     1.67
     1.95     0.09    -0.31
     2.61    -3.21     -1.1
     -0.5    -0.59    -1.05
    -0.64     0.81    -2.48
    -0.95     1.12    -2.33
    -0.16    -0.18     1.07
     1.37     1.28     -1.7
     1.42     1.38    -2.36
    -0.38      1.6     2.11
     1.84     0.05    -0.62
      3.1    -2.29    -1.92
     0.82    -0.66    -1.15
     0.59     0.01     0.05
    -0.01     -0.3     1.52
     1.05    -0.69    -0.69
      1.2    -0.87    -0.74
     1.01    -1.04     0.36
     0.35    -0.71    -0.25
      0.2    -0.01    -0.64
     0.92    -0.03     -0.5
     0.02    -0.33     -0.7
    -0.08     0.11    -0.05
    -0.62    -0.69     0.47
     0.63    -0.14    -0.65
     0.69    -0.03     -0.9
     0.07     0.01     0.19
    -0.66     0.03    -0.36
    -0.31     0.71     0.13
     0.02     0.84     0.33
    -0.97     0.04      0.7
    -0.67    -0.15    -0.54
    -0.93    -0.94    -1.32
    -0.47     0.23    -0.67
    -0.39     0.98    -0.48
    -1.73     2.25     0.54
    -1.25     0.89    -0.52
    -0.68     1.42     1.36
    -1.36     2.33     1.78
     0.59     0.03     0.04
    -0.06    -0.22     1.55
     -0.2    -0.51     2.01
     1.21    -0.87    -0.74
     0.99    -1.05     0.41
     0.57    -0.69     1.02
     0.23     0.01    -0.62
     0.94    -0.06    -0.46
      1.1    -0.31    -0.51
    -0.14     0.16     0.01
     -0.7     -0.7     0.52
    -0.53    -0.96     0.29
     0.68    -0.03     -0.9
     0.02    -0.01     0.21
    -0.46     0.01     0.95
     -0.3     0.76     0.18
    -0.03     0.85     0.37
    -0.22     0.49     0.09
    -0.73    -0.13    -0.43
    -0.84    -1.24    -1.41
    -0.03    -0.84    -1.97
    -0.42     0.97    -0.52
    -1.78      2.2     0.46
    -2.21     2.19      1.1
     -0.7     1.51     1.44
     -1.5      2.5     1.78
    -2.12     2.38     1.11
     0.01    -0.32     1.51
    -0.15    -0.52     2.02
      0.2    -0.18     1.13
     1.02    -1.03     0.36
     0.65    -0.67     0.92
     0.21     0.15     0.23
     0.91    -0.01    -0.48
     1.15    -0.29    -0.58
     0.51    -0.43    -1.11
    -0.66    -0.72      0.5
    -0.52    -0.89     0.46
     0.15        0     0.13
     0.02     0.02     0.23
     -0.4        0     0.93
    -0.39    -0.02     0.42
    -0.04     0.87     0.37
    -0.15     0.47     0.01
    -0.64    -0.32    -0.99
    -0.86    -1.13    -1.42
    -0.17    -0.53    -1.62
     0.74     0.61    -0.91
    -1.84     2.29     0.55
    -2.19     2.15     1.15
    -0.92      0.2     0.71
    -1.49     2.48      1.8
    -2.05     2.26     1.02
    -2.09     0.58    -0.31
    -0.16    -0.53     2.01
     0.19    -0.17      1.1
     0.61     0.52    -0.52
     0.62    -0.68     0.92
     0.19     0.12     0.25
    -0.08     0.85    -1.15
     1.12    -0.28    -0.56
     0.47    -0.46    -1.13
    -0.48    -0.47    -1.86
    -0.52    -0.92      0.4
     0.15    -0.01     0.05
     0.81     1.18    -0.14
    -0.45     0.04     0.94
    -0.44    -0.01     0.48
     0.05    -0.31     -0.8
    -0.22     0.56     0.11
    -0.76    -0.21    -0.86
    -1.23    -1.08    -2.08
    -0.12    -0.76    -1.84
     0.76     0.62    -1.13
     1.21     0.96     0.13
    -2.25     2.25     1.13
    -1.07     0.46     0.82
     1.04    -2.24    -0.23
    -2.12     2.47     1.19
    -2.17     0.87     -0.1
    -2.14    -1.26     -1.1
      0.2    -0.17      1.1
     0.63     0.43    -0.54
     0.44     0.43    -0.99
     0.19     0.15      0.2
    -0.05     0.88    -1.18
     0.46     0.62    -1.47
     0.46    -0.45    -1.15
    -0.49    -0.41    -1.83
     -0.2    -0.39     -1.7
     0.16     0.02     0.08
     0.81     1.21    -0.16
     0.81     1.21     0.07
    -0.42    -0.02     0.41
     0.06    -0.21    -0.86
     1.27    -0.87    -1.16
    -0.75    -0.29    -0.98
    -1.19     -1.1    -2.15
    -0.33    -1.17    -1.96
     0.77     0.64    -1.01
      1.2        1     0.17
     0.52     0.33     0.76
    -0.93     0.26     0.73
     1.14    -2.31     -0.3
     2.35    -3.03     -0.3
    -2.14     0.64    -0.25
    -2.08    -1.45    -1.21
    -1.12    -2.52    -1.03
     1.05    -0.67    -0.71
     1.19    -0.84    -0.74
     1.03       -1      0.3
     0.29    -0.69    -0.25
     0.14     0.04    -0.62
     0.86     0.05    -0.51
    -0.35    -0.49    -0.19
    -0.55     0.24     -0.5
      0.2     0.52    -0.46
     0.62    -0.11    -0.68
     0.64     0.02    -0.87
        0     0.11     0.23
     -0.7     0.09    -0.38
    -0.37     0.77     0.21
    -0.08     0.93     0.41
    -1.47     0.45    -0.33
    -0.48     0.42     0.17
    -0.06     0.65     0.51
    -0.46     0.22    -0.68
    -0.44     1.01    -0.48
    -1.82     2.35      0.6
    -1.25     0.88    -0.55
    -0.68     1.43     1.42
    -1.41     2.41     1.87
    -1.48     1.68    -0.37
    -0.02    -0.21     0.96
    -0.24     0.44     1.49
     1.21    -0.85    -0.76
     1.01    -1.05     0.37
     0.61     -0.7        1
     0.21    -0.01    -0.64
     0.93    -0.06    -0.49
     1.14    -0.31    -0.53
    -0.47     0.27    -0.55
     0.35     0.49    -0.56
     0.91    -0.04    -0.91
     0.68    -0.02    -0.89
     0.07    -0.01     0.19
    -0.41     0.01     0.94
    -0.32     0.72     0.14
     0.03     0.83     0.33
    -0.12     0.46     0.04
    -0.48     0.46     0.14
    -0.02     0.68     0.36
    -0.04     0.16    -0.49
    -0.41        1    -0.44
    -1.73     2.23     0.52
    -2.25     2.26     1.15
    -0.68     1.43     1.41
    -1.38     2.35     1.77
       -2     2.29     1.06
    -0.01    -0.12     0.94
    -0.29     0.54     1.41
     -1.1     0.71     0.14
     1.01    -1.03     0.34
     0.63    -0.69     0.94
     0.21     0.16     0.29
     0.91        0    -0.48
     1.12    -0.29    -0.57
     0.48    -0.42    -1.08
     0.29     0.52    -0.49
     0.85    -0.05    -0.89
      0.6    -0.74    -1.55
     0.03        0     0.21
    -0.41    -0.01     0.95
    -0.38    -0.02     0.48
    -0.05     0.89     0.39
     -0.2      0.5     0.07
     -0.7    -0.27    -0.89
    -0.04     0.69     0.47
    -0.13     0.18    -0.47
    -0.78    -0.46    -1.91
    -1.78      2.2     0.46
    -2.18     2.12      1.1
    -0.89     0.29     0.75
    -1.52     2.52      1.8
    -2.11     2.36     1.08
    -2.07     0.63    -0.18
     -0.4     0.68      1.5
    -1.24     0.89     0.13
    -2.48     0.61    -1.45
     0.64    -0.67     0.91
      0.2     0.15     0.21
    -0.04     0.86    -1.18
     1.15    -0.29    -0.58
     0.51    -0.43    -1.11
    -0.44    -0.38    -1.77
     0.88    -0.03    -0.86
     0.66    -0.71    -1.45
    -0.24    -0.95    -1.92
    -0.42     0.04     0.91
    -0.41    -0.03     0.38
    -0.02    -0.21    -0.92
    -0.13     0.45    -0.01
    -0.65    -0.32    -1.01
    -1.16    -1.06    -2.18
    -0.05     0.13    -0.48
    -0.61    -0.52    -1.89
    -1.45    -0.47    -2.75
    -2.24     2.24      1.2
    -1.01     0.24     0.71
     0.91    -2.32    -0.42
    -2.01     2.21     0.97
    -2.14     0.61    -0.38
    -2.27    -1.27    -1.37
    -1.08     0.64     0.08
    -2.33     0.47    -1.57
    -3.92     0.99    -1.74
     0.19     0.15     0.26
    -0.03     0.89    -1.14
      0.4     0.67    -1.49
     0.48    -0.44     -1.1
    -0.46    -0.39     -1.8
    -0.28    -0.37    -1.72
      0.6    -0.73    -1.55
    -0.27    -0.97    -2.06
    -0.59    -0.96    -1.98
    -0.39    -0.01     0.47
     0.07    -0.11    -0.83
     1.22    -0.74    -1.19
    -0.73    -0.26    -0.87
    -1.14    -1.08    -2.09
    -0.34    -1.15       -2
    -0.83    -0.43    -1.86
    -1.69    -0.44    -2.72
    -1.61    -0.37    -2.26
    -0.85     0.24     0.73
     1.22    -2.22    -0.28
     2.35    -2.91    -0.31
    -2.09     0.66    -0.15
    -1.93    -1.51     -1.2
    -0.99    -2.52    -1.08
    -2.48     0.66     -1.4
    -4.08     0.87    -1.53
    -3.91    -0.95    -1.47
      0.3    -0.69    -0.25
     0.22    -0.02    -0.64
     0.93    -0.09    -0.44
    -0.37    -0.47    -0.24
    -0.47     0.29    -0.53
     0.35     0.52    -0.55
    -0.46    -0.29    -0.56
    -0.48    -0.39    -0.04
    -0.32    -0.16     0.43
    -0.71     0.09    -0.38
    -0.32     0.76     0.16
    -0.06     0.88      0.4
    -1.37     0.35    -0.34
    -0.48      0.5     0.21
    -0.05     0.73     0.44
     -0.5     0.05    -1.21
     0.19    -0.53    -0.48
    -0.01    -0.58     0.69
    -1.24      0.9    -0.53
    -0.68     1.46     1.39
     -1.5     2.51     1.82
    -1.28     1.34    -0.32
    -0.05    -0.09     1.07
    -0.38     0.67     1.54
    -0.13     0.37    -1.49
     0.85    -1.47    -1.17
     0.54    -1.26     0.24
     0.21     0.01    -0.64
     0.93    -0.05    -0.48
     1.15     -0.3    -0.57
    -0.49     0.29    -0.53
     0.32      0.5    -0.55
      0.9    -0.03    -0.89
    -0.46    -0.43    -0.02
    -0.35    -0.22     0.49
     0.06     -0.2     0.44
     -0.3     0.75     0.17
     0.02     0.81     0.33
    -0.07     0.39    -0.02
    -0.45     0.49      0.2
    -0.02     0.69     0.38
    -0.04     0.13    -0.53
      0.2    -0.57    -0.48
    -0.05    -0.64     0.73
    -0.33    -0.85      0.4
    -0.72     1.53     1.47
    -1.46     2.42     1.73
       -2     2.18     0.97
    -0.02    -0.07     1.11
    -0.37     0.63     1.44
    -1.15     0.74     0.05
     0.87    -1.49    -1.14
      0.5    -1.27     0.24
     -0.4    -1.13    -0.19
     0.93    -0.04    -0.48
     1.15     -0.3    -0.56
     0.52     -0.4    -1.08
     0.32     0.51    -0.54
     0.89    -0.04    -0.89
     0.66    -0.71    -1.47
    -0.35    -0.23     0.51
     0.04    -0.23     0.43
     0.58    -0.36    -0.47
        0     0.83     0.34
    -0.11     0.41     0.01
     -0.6    -0.34    -0.97
    -0.03     0.69     0.41
    -0.07     0.15    -0.54
    -0.63    -0.53    -1.93
    -0.02    -0.64     0.73
    -0.33    -0.85     0.34
    -0.45    -0.52    -1.31
    -1.51     2.49     1.75
    -2.03     2.21     0.99
    -2.01     0.48     -0.3
    -0.41     0.69     1.46
    -1.22      0.8     0.06
    -2.42      0.5    -1.54
      0.5    -1.26     0.23
    -0.43    -1.08    -0.26
    -1.73    -0.06    -1.48
     1.13    -0.27    -0.58
     0.51    -0.43    -1.08
    -0.43     -0.3    -1.74
     0.87    -0.04    -0.88
     0.65    -0.72     -1.5
    -0.28    -0.95    -1.94
     0.03    -0.22     0.47
     0.58    -0.35    -0.46
     0.62    -0.43     -1.6
    -0.17     0.48     0.01
    -0.66    -0.29    -0.95
    -1.11    -1.05    -2.12
    -0.08     0.12     -0.5
    -0.66    -0.52    -1.92
    -1.51    -0.53    -2.75
    -0.35     -0.9     0.43
    -0.43     -0.5    -1.26
    -0.53     0.75    -2.58
    -2.04     2.25        1
    -2.12     0.61    -0.31
    -2.08    -1.42    -1.32
    -1.13     0.66     0.03
    -2.42     0.52    -1.57
    -3.95     0.87    -1.71
    -0.38    -1.21    -0.21
    -1.64    -0.11    -1.41
    -2.86      2.2    -1.49
     0.51    -0.44    -1.11
    -0.45    -0.38    -1.79
    -0.27    -0.35    -1.72
      0.6    -0.73    -1.53
    -0.29    -0.97    -2.04
    -0.58    -0.97    -1.95
      0.5    -0.37    -0.49
     0.65     -0.3    -1.78
     0.12     -0.5    -2.35
     -0.7    -0.26     -0.9
    -1.13    -1.06    -2.09
    -0.33    -1.16    -2.02
    -0.77    -0.45    -1.87
    -1.67    -0.45    -2.74
    -1.58    -0.38    -2.27
    -0.59    -0.53    -1.29
    -0.82     0.89    -2.55
    -1.11     0.89    -2.25
    -2.09     0.68    -0.17
    -1.95    -1.47    -1.21
    -0.99    -2.54    -1.08
    -2.44     0.61    -1.43
    -4.06     0.86    -1.56
    -3.88    -0.94    -1.48
    -1.73    -0.09    -1.42
    -3.17     2.18    -1.29
    -3.69     0.36    -1.11
    -0.36    -0.47    -0.22
    -0.53     0.27     -0.5
     0.23     0.54    -0.47
    -0.47    -0.22    -0.64
    -0.43    -0.44    -0.06
    -0.38     -0.3     0.57
     0.29    -0.27    -1.42
     0.29    -1.33     0.45
    -0.53    -1.45     1.82
    -1.45     0.42    -0.33
    -0.48     0.45      0.2
    -0.07      0.7     0.52
    -0.66     0.27    -1.13
     0.25     -0.6    -0.68
     0.07     -0.7     0.64
        1    -0.66    -2.43
     0.99    -1.28     -1.6
     0.01    -1.93     0.82
    -1.51     1.71    -0.37
    -0.06    -0.13     1.03
    -0.32     0.56     1.58
    -0.48     1.14    -1.07
     0.83    -1.54    -1.36
     0.64    -1.37     0.05
     1.31    -0.95    -1.89
     1.31    -1.09    -3.63
     0.69    -1.64    -1.16
    -0.52     0.27    -0.52
     0.28     0.52    -0.52
     0.86    -0.01    -0.86
    -0.47    -0.42    -0.05
    -0.36    -0.23     0.49
        0    -0.24     0.47
     0.21    -1.34     0.57
    -0.57    -1.35      1.8
    -0.82    -0.28      2.4
    -0.49     0.47     0.19
    -0.05      0.7     0.44
    -0.09      0.2    -0.41
      0.2    -0.55    -0.58
     0.01    -0.63     0.68
    -0.33    -0.88     0.46
     0.91    -1.31    -1.33
    -0.11    -1.91     1.09
    -0.81    -1.52      2.3
    -0.04    -0.11     1.05
    -0.33     0.59     1.51
    -1.11      0.8     0.23
     0.86    -1.49    -1.27
     0.58     -1.3     0.17
    -0.29    -1.16    -0.15
     1.26    -1.13    -3.41
     0.56    -1.74    -0.78
    -0.03     -2.1     0.86
     0.28     0.52    -0.52
     0.87    -0.02    -0.86
     0.65     -0.7    -1.46
    -0.37    -0.25     0.52
    -0.01    -0.24      0.5
     0.55    -0.33    -0.37
    -0.56    -1.36     1.82
    -0.83    -0.26     2.42
     0.34     0.71     1.42
    -0.04      0.7     0.44
    -0.08     0.17    -0.48
    -0.65     -0.5    -1.89
        0    -0.65     0.69
    -0.33    -0.89     0.44
    -0.47    -0.57    -1.18
    -0.12    -1.93     1.11
    -0.82    -1.48     2.31
    -0.12    -0.16     0.91
    -0.37     0.64     1.49
    -1.16     0.77     0.11
    -2.38     0.53    -1.52
     0.55    -1.29     0.19
    -0.35    -1.14     -0.2
    -1.62    -0.18     -1.4
     0.53    -1.76    -0.69
    -0.04    -2.09     0.87
     -0.1    -1.03     0.31
     0.86    -0.01    -0.85
     0.64    -0.71     -1.5
    -0.26    -0.97    -2.04
    -0.01    -0.24     0.49
     0.52    -0.36    -0.43
     0.65    -0.33    -1.69
    -0.82    -0.24     2.39
     0.35     0.69     1.36
        2     0.66    -1.08
    -0.07      0.2     -0.4
    -0.69    -0.45    -1.82
    -1.62    -0.43    -2.73
    -0.34    -0.89     0.49
     -0.5    -0.59    -1.14
    -0.69     0.79    -2.51
    -0.83     -1.5     2.35
    -0.17    -0.22     0.95
     1.27     1.29    -1.74
    -1.08     0.76     0.25
     -2.3     0.57     -1.4
    -3.98     0.95    -1.61
    -0.25    -1.18     -0.1
    -1.52    -0.31    -1.32
     -2.9     2.01    -1.38
    -0.05     -2.1      0.9
    -0.08    -1.16     0.41
     0.12     1.11    -0.81
     0.63    -0.72    -1.51
    -0.26    -0.96       -2
    -0.58    -0.98    -1.94
     0.55    -0.36    -0.43
     0.66    -0.36    -1.62
     0.16    -0.59    -2.31
     0.37      0.7     1.37
     2.01     0.62    -0.97
     1.64     -0.2    -2.55
    -0.72    -0.47    -1.89
    -1.59    -0.43    -2.75
    -1.56     -0.3    -2.28
    -0.48    -0.56    -1.15
    -0.56      0.8    -2.51
    -0.81     0.95    -2.33
    -0.13    -0.13     0.96
     1.44     1.29    -1.78
     1.48     1.26    -2.41
     -2.4     0.54    -1.51
    -4.05     1.04    -1.63
    -3.97    -0.71    -1.54
    -1.55    -0.24    -1.33
    -2.76     2.11     -1.4
    -3.25     0.76    -1.13
    -0.04    -1.06     0.44
     0.34     1.18    -0.92
     0.15      1.2    -0.56
    -0.46    -0.25     -0.6
    -0.45    -0.45    -0.03
    -0.38    -0.27     0.54
     0.25    -0.29    -1.27
     0.23    -1.36     0.59
    -0.57    -1.37     1.85
      0.8    -0.55    -1.72
     1.29    -2.02    -0.16
    -0.16    -0.17     1.65
    -0.58     0.15    -1.19
     0.22    -0.58     -0.6
     0.02    -0.69     0.68
     1.01    -0.66    -2.45
     0.92    -1.32    -1.37
     -0.1    -1.94     1.06
     1.11    -0.63     -1.8
     1.22    -1.67    -1.64
    -0.35    -0.84     1.17
    -0.29     0.73    -1.29
     0.86     -1.5    -1.33
     0.61    -1.34     0.11
     1.39    -1.01    -2.31
     1.27     -1.1    -3.46
     0.57    -1.71    -0.87
     1.81    -0.12     -0.1
     1.51    -0.54    -3.08
      0.1    -0.93    -0.03
    -0.46    -0.43    -0.04
    -0.35    -0.23      0.5
     0.01    -0.25     0.43
     0.19    -1.37     0.63
     -0.6    -1.33     1.83
    -0.81     -0.3     2.38
     1.24    -1.99    -0.03
    -0.23    -0.18     1.77
    -0.95     2.04     2.67
      0.2    -0.57    -0.59
     0.02    -0.64     0.66
    -0.33    -0.87     0.42
      0.9    -1.32    -1.31
    -0.11    -1.92     1.07
    -0.79    -1.56     2.21
     1.17    -1.68    -1.54
    -0.39    -0.87     1.26
    -1.23     0.71     3.04
     0.86    -1.49    -1.36
     0.61    -1.32     0.13
    -0.24    -1.11    -0.16
     1.28     -1.1    -3.44
     0.58    -1.72    -0.86
     0.03     -2.1     0.73
     1.49    -0.59    -3.02
     0.07    -0.96     0.02
    -0.58    -1.08     2.34
    -0.36    -0.24     0.51
    -0.02    -0.26      0.5
     0.49    -0.36    -0.43
    -0.57    -1.36     1.81
    -0.85    -0.32     2.46
     0.28     0.67     1.43
    -0.15    -0.33     1.66
    -0.97     2.11     2.62
    -0.08     2.55     1.85
     0.01    -0.61     0.67
    -0.32    -0.89     0.44
    -0.56    -0.58    -1.17
    -0.07    -1.91        1
    -0.78    -1.59     2.25
     -0.2    -0.32     0.94
    -0.31    -1.02     1.08
    -1.22     0.64     2.98
    -0.41     1.24     2.22
     0.57    -1.26     0.21
    -0.28     -1.1    -0.17
    -1.59    -0.24    -1.34
     0.63    -1.72     -0.9
     0.04     -2.1     0.71
    -0.09    -1.22     0.34
     0.16    -0.95    -0.28
    -0.53    -1.15     2.24
     0.14    -1.06     1.92
    -0.02    -0.26      0.5
     0.52    -0.36    -0.43
     0.68    -0.27    -1.72
    -0.84    -0.29     2.45
     0.32     0.69     1.39
     2.04     0.73     -1.1
    -0.95     2.14     2.62
    -0.04     2.52     1.81
     1.89     0.12    -0.31
    -0.32    -0.88     0.44
    -0.54    -0.58    -1.17
    -0.72     0.86     -2.5
    -0.79    -1.56     2.26
    -0.19    -0.29     0.91
     1.23     1.32    -1.73
    -1.23      0.7        3
    -0.36     1.27     2.18
     1.84     0.13    -0.63
    -0.29    -1.11    -0.17
    -1.59    -0.24    -1.36
       -3     2.06    -1.34
     0.02     -2.1     0.74
     -0.1    -1.17     0.32
     0.05     1.09    -0.75
    -0.55    -1.12     2.29
     0.15       -1     1.88
     1.86     -0.3    -0.46
     0.52    -0.35    -0.43
     0.65    -0.35    -1.68
     0.11    -0.56    -2.31
     0.37     0.69     1.35
     2.02     0.65    -1.12
     1.54    -0.08    -2.61
     0.08     2.44     1.69
     2.07     0.05    -0.43
     2.58    -3.01    -1.21
    -0.52    -0.56    -1.19
    -0.69     0.77    -2.54
       -1     0.92    -2.33
    -0.12    -0.19     0.82
     1.27     1.35    -1.86
     1.14     1.34    -2.27
    -0.24     1.31     2.04
     2.07     0.08    -0.88
     3.08     -1.8     -1.9
    -1.63     -0.2    -1.38
    -3.02     2.09    -1.41
    -3.58      0.7    -1.14
     -0.1    -1.05     0.27
     0.01     1.32    -0.89
    -0.43     1.11    -0.43
     0.23    -0.87     1.73
     2.03    -0.17    -0.67
     3.32    -0.23    -0.99
    -0.03    -0.34     -0.7
    -0.21     0.19     0.11
    -0.72    -0.69     0.54
     0.66    -0.13    -0.69
     0.71    -0.07    -0.92
     0.05    -0.04      0.2
    -0.64     0.05    -0.35
    -0.27     0.72     0.13
     0.01     0.81     0.33
    -1.02     0.02     0.77
    -0.74    -0.12    -0.41
    -0.85    -1.22     -1.4
    -0.43     0.21    -0.67
    -0.41     0.94    -0.55
    -1.74     2.16     0.45
    -1.15     0.86    -0.45
     -0.7     1.49     1.37
    -1.45     2.42     1.75
     0.22    -0.05    -0.43
     0.82    -0.53    -1.64
    -0.23    -0.67    -1.88
    -0.73    -0.03    -1.42
     0.59      0.8    -0.02
    -1.66     3.26     1.67
    -2.53     0.19    -0.13
    -0.67     0.12     1.95
    -1.43     2.73     2.47
    -0.16     0.14     0.05
    -0.64    -0.72     0.48
    -0.52    -0.86     0.44
      0.7    -0.05    -0.92
     0.07        0      0.2
     -0.4     0.05     0.91
     -0.3      0.7      0.1
     0.02     0.82     0.32
    -0.11     0.48        0
    -0.71    -0.17    -0.52
    -0.93    -0.92    -1.34
    -0.45    -0.26    -1.36
     -0.4     0.96     -0.5
    -1.75     2.26     0.56
    -2.27     2.31     1.21
    -0.67     1.42     1.33
    -1.34     2.31     1.78
    -1.95     2.25     1.06
     0.87    -0.48    -1.68
    -0.43    -0.17    -1.52
    -1.49     0.74    -0.64
     0.55     0.79     0.05
    -1.67     3.32     1.82
    -2.89     3.94     2.28
     -0.7    -0.02      1.9
    -1.34     2.49     2.45
    -1.91     3.41     1.35
    -0.64    -0.69     0.54
    -0.53    -0.92     0.48
     0.16    -0.06     0.06
      0.1    -0.07     0.23
    -0.34    -0.08     0.94
    -0.34        0     0.46
     0.05     0.78     0.31
    -0.06     0.37    -0.02
    -0.58    -0.35    -0.96
    -0.89    -1.05    -1.33
    -0.19    -0.62    -1.63
     0.78     0.62    -1.06
    -1.76      2.2     0.54
    -2.11     2.04     1.12
    -0.88     0.21      0.7
    -1.43     2.37     1.72
    -1.97     2.15     0.96
    -2.02      0.5    -0.33
    -0.42    -0.43    -1.73
    -0.99      0.2    -1.38
    -0.83     1.05    -0.39
    -1.89     3.44     1.79
    -2.91     3.75     2.13
    -1.14     1.15     1.28
    -1.51     2.85     2.42
    -2.13     3.45      1.3
    -1.85     1.32    -0.03
    -0.51     -0.9     0.46
     0.13        0     0.15
     0.77     1.18    -0.16
    -0.45     0.06     0.93
    -0.43    -0.02     0.43
    -0.01    -0.21    -0.89
    -0.26     0.58      0.1
    -0.73    -0.24    -0.92
    -1.21    -1.07    -2.14
    -0.09    -0.66    -1.78
     0.77     0.64    -1.02
     1.25     0.93     0.17
    -2.24     2.21     1.15
    -0.96     0.29     0.75
     1.05    -2.25    -0.32
    -2.15     2.44     1.13
    -2.14     0.72     -0.2
    -2.14    -1.35    -1.22
    -0.78    -0.19    -1.81
    -0.97     1.06    -0.46
    -0.43     0.95     0.66
    -2.87      3.7     2.21
    -1.19     1.28     1.37
      2.1    -2.52     0.22
    -1.98     3.57     1.43
    -1.62     1.46     0.01
     -1.5    -1.03     0.36
     0.15        0      0.1
      0.8      1.2    -0.16
     0.84     1.17     0.03
     -0.4    -0.02     0.42
     0.03    -0.14    -0.88
      1.2    -0.78    -1.23
    -0.64    -0.31    -0.99
    -1.13    -1.05    -2.15
    -0.35     -1.1    -2.02
      0.7      0.6     -0.9
     1.29     0.82     0.17
     0.79     0.13     0.71
    -0.98     0.27     0.73
     0.99    -2.25    -0.35
     2.21    -3.01    -0.38
     -2.1     0.62    -0.31
    -2.14    -1.35    -1.32
    -1.23    -2.39    -1.18
    -1.04     1.05    -0.16
     -0.1     0.64     0.59
      0.5    -0.73     0.09
    -1.24     1.31     1.32
     1.96    -2.55     0.22
     3.26    -3.45     0.22
     -1.8     1.44    -0.08
    -1.85    -0.91     0.31
    -1.91     -1.5     2.03
     0.63    -0.11     -0.7
     0.67    -0.02    -0.89
     0.03     0.05     0.22
    -0.66     0.06    -0.37
    -0.31     0.74     0.15
    -0.02     0.87     0.36
    -1.42     0.35    -0.32
    -0.51     0.45     0.14
    -0.04     0.68      0.4
    -0.44     0.21    -0.68
    -0.45     1.02    -0.46
     -1.8     2.32      0.6
     -1.2     0.87     -0.5
    -0.69     1.45      1.4
    -1.39     2.36     1.81
     -1.4     1.53    -0.36
    -0.03    -0.12     0.96
    -0.25     0.48     1.45
    -0.56    -0.09    -1.47
     0.61     0.82     0.13
    -1.69     3.37     1.88
     -2.7     0.17    -0.13
    -0.71    -0.04     1.96
    -1.35     2.56     2.43
    -3.28     0.19    -0.47
    -1.29    -1.81     1.09
    -0.18     0.03      0.8
     0.66    -0.02    -0.88
     0.06    -0.02     0.22
    -0.37    -0.02     0.93
    -0.32     0.77      0.2
    -0.04     0.87     0.38
    -0.16     0.48     0.02
    -0.45     0.46     0.22
    -0.05     0.69     0.46
    -0.11     0.17    -0.44
    -0.45     0.99    -0.52
    -1.79     2.21     0.49
    -2.16     2.11     1.12
    -0.71     1.53     1.45
     -1.5     2.47     1.79
    -2.07     2.31     1.06
    -0.04    -0.11     1.14
    -0.37     0.62     1.51
    -1.17     0.81     0.14
      0.6     0.89    -0.01
    -1.78     3.33     1.69
     -2.9     3.71     2.15
    -0.63     0.12     1.97
    -1.45     2.84     2.46
    -2.06     3.54     1.39
    -1.39    -1.75     1.23
    -0.25     0.42     0.82
     -0.5     1.63    -0.47
     0.05     0.02     0.21
    -0.37        0     0.92
    -0.38    -0.03     0.41
    -0.03     0.87     0.38
    -0.12     0.47     0.02
    -0.61     -0.3    -0.99
    -0.05     0.69     0.45
    -0.06     0.17    -0.42
    -0.59     -0.5    -1.83
    -1.82     2.27     0.54
    -2.18     2.15     1.16
    -0.98     0.25      0.7
    -1.47     2.45      1.8
    -2.02     2.25     1.03
    -2.09     0.63    -0.33
    -0.33     0.58     1.48
    -1.09     0.73     0.16
     -2.3     0.49    -1.51
    -1.81     3.41     1.83
    -2.89     3.76     2.18
    -1.16     1.16     1.26
    -1.42     2.79     2.44
    -2.04     3.47     1.31
    -1.83     1.41    -0.09
    -0.21     0.31     0.78
    -0.51     1.48    -0.47
    -1.91     1.31    -1.28
     -0.4        0     0.93
    -0.42    -0.02     0.47
     0.08    -0.24    -0.79
    -0.21     0.52     0.07
    -0.74    -0.24    -0.88
     -1.2     -1.1    -2.09
    -0.13      0.2    -0.41
    -0.82    -0.42    -1.84
     -1.8    -0.38    -2.72
    -2.19     2.17     1.11
    -1.01      0.4      0.8
     1.12    -2.22    -0.21
     -2.1     2.41     1.14
    -2.13      0.8    -0.12
    -2.05    -1.37    -1.11
    -1.16     0.88     0.26
     -2.4     0.66    -1.37
    -4.12     0.97    -1.47
     -2.9     3.76     2.18
    -1.42     1.59     1.49
      1.9    -2.09     0.32
    -2.05     3.64     1.56
    -1.65     1.67      0.1
    -1.27    -0.96     0.29
    -0.41     1.68    -0.35
    -1.49      1.4    -1.29
    -3.34     1.21    -0.14
    -0.42    -0.02     0.44
    -0.03    -0.18    -0.89
     1.09    -0.78    -1.32
    -0.68    -0.25     -0.9
    -1.18    -1.05    -2.14
    -0.55    -1.12    -2.12
     -0.7    -0.44    -1.79
    -1.57    -0.42    -2.73
    -1.63    -0.22    -2.36
    -0.95     0.28     0.73
     0.97    -2.24    -0.35
     2.13       -3    -0.43
    -2.12     0.72     -0.2
    -2.16    -1.29    -1.27
    -1.42    -2.35    -1.21
    -2.35     0.59    -1.41
    -3.97     0.98    -1.64
    -4.06    -0.47    -1.47
    -1.18     1.26     1.35
     2.05    -2.57      0.2
     3.24    -3.43     0.24
    -1.68     1.49        0
    -1.68    -0.95     0.32
     -1.9    -1.47     2.06
    -1.66     1.37    -1.28
    -3.75     1.39    -0.06
    -4.59     0.03     2.42
     -0.7      0.1    -0.37
    -0.29     0.73     0.14
     0.02     0.78     0.32
    -1.38     0.39    -0.34
    -0.47     0.51     0.23
    -0.04     0.73      0.4
    -0.48     0.06    -1.25
     0.21    -0.54    -0.49
    -0.02    -0.57      0.7
    -1.12     0.86    -0.43
     -0.7     1.53     1.36
    -1.49     2.48     1.71
    -1.17     1.16    -0.25
    -0.08        0      1.2
    -0.45     0.79     1.53
    -0.09     0.18    -1.53
     0.83     -1.5    -1.03
     0.49    -1.19      0.3
    -2.39    -0.12    -0.05
    -0.59     0.27     1.95
    -1.56        3     2.51
    -3.45     -0.7     -0.1
    -1.26     -1.6     1.33
    -0.37     0.63     1.03
    -1.91    -0.61    -1.55
    -0.23    -2.08    -1.22
     1.07    -1.39    -1.23
    -0.33     0.77     0.19
    -0.04     0.87     0.38
    -0.16     0.49    -0.01
    -0.46     0.46     0.19
    -0.05     0.67     0.44
    -0.08     0.14    -0.43
     0.22    -0.58    -0.61
     0.01    -0.69      0.7
    -0.35    -0.94     0.55
     -0.7      1.5     1.46
    -1.45     2.43      1.8
    -2.03     2.25        1
    -0.02    -0.13     1.06
     -0.3     0.53     1.45
    -1.08     0.68     0.13
     0.87     -1.5    -1.31
      0.6    -1.35     0.12
    -0.26    -1.25    -0.12
    -0.69     0.05        2
     -1.4      2.7     2.42
    -1.94     3.43     1.26
    -1.33    -1.78     1.14
    -0.18      0.2     0.75
     -0.4     1.41    -0.52
    -0.23    -2.02    -1.43
     1.17     -1.6    -1.45
     0.83    -0.79    -1.28
    -0.04     0.88     0.39
    -0.12     0.47     0.02
    -0.61    -0.29    -0.97
    -0.07     0.71     0.49
    -0.09      0.2    -0.38
    -0.64    -0.48    -1.83
     0.06    -0.66     0.65
    -0.33    -0.92     0.51
     -0.5    -0.62    -1.02
    -1.52     2.52     1.79
    -2.05     2.29     1.06
    -2.08     0.62    -0.29
    -0.39     0.67     1.55
    -1.15     0.81      0.2
    -2.34     0.53    -1.46
      0.6    -1.31     0.14
    -0.27    -1.14    -0.18
    -1.54    -0.28    -1.32
    -1.48     2.92     2.48
     -2.1     3.55     1.42
    -1.78     1.39    -0.01
    -0.29     0.47     0.88
    -0.51     1.64    -0.42
    -1.85     1.34    -1.27
     1.12    -1.46    -1.42
     0.83    -0.54    -1.35
    -0.89     0.35    -1.03
    -0.18     0.52     0.06
    -0.66    -0.27    -0.92
    -1.14    -1.04    -2.12
    -0.11     0.19     -0.4
    -0.69    -0.47    -1.85
    -1.56    -0.46    -2.74
    -0.34    -0.91     0.45
    -0.51    -0.57    -1.16
    -0.64     0.79    -2.52
    -2.08     2.34     1.08
    -2.11     0.68    -0.23
    -2.08    -1.36    -1.28
    -1.16      0.8     0.18
    -2.38     0.57    -1.46
    -3.98     0.91    -1.65
    -0.31    -1.14     -0.2
    -1.61    -0.21    -1.36
    -2.92     2.09    -1.39
    -2.01     3.54      1.4
    -1.72     1.46    -0.02
    -1.64    -1.01     0.32
    -0.46     1.59    -0.47
    -1.79     1.35    -1.28
    -3.87     1.39        0
     0.81    -0.58    -1.33
    -0.92     0.36    -1.02
    -2.36     1.47    -0.54
    -0.69    -0.29    -0.96
    -1.17    -1.08     -2.1
    -0.33    -1.22    -1.98
    -0.73     -0.5    -1.91
    -1.67    -0.43    -2.75
    -1.61     -0.4    -2.23
     -0.5     -0.5    -1.28
    -0.75     0.91    -2.56
    -1.13     0.79    -2.22
    -2.11     0.72    -0.22
    -2.08    -1.35     -1.2
    -1.18    -2.55    -1.02
     -2.4     0.56    -1.48
    -4.05     0.94    -1.58
    -4.01    -0.88    -1.42
    -1.63    -0.16    -1.38
    -3.03     2.17    -1.34
    -3.65     0.41    -1.08
    -1.75     1.61        0
    -1.53     -0.9     0.27
    -1.54     -1.3     2.31
    -1.74     1.34    -1.29
    -3.69     1.35    -0.05
    -4.38      0.2     2.88
    -0.94     0.32    -1.01
     -2.3     1.43    -0.57
    -2.52     0.34     1.97
     -1.4     0.38    -0.34
    -0.48     0.47     0.17
    -0.04     0.69      0.4
    -0.56     0.13     -1.2
      0.2    -0.57    -0.57
    -0.02    -0.64     0.69
     1.02    -0.68    -2.45
      0.9    -1.34    -1.28
    -0.14    -1.92     1.16
    -1.27     1.33    -0.32
    -0.03     -0.1     1.05
    -0.33      0.6     1.47
    -0.19      0.5    -1.41
     0.86    -1.48    -1.26
     0.55     -1.3     0.19
     1.42    -1.01    -2.54
     1.25    -1.12    -3.34
     0.51    -1.77    -0.66
    -3.33    -0.26     -0.3
    -1.25    -1.72     1.19
    -0.26      0.3      0.9
    -1.61    -0.16    -1.67
    -0.16    -2.04    -1.42
     1.11    -1.56    -1.34
     0.65    -0.36    -2.27
     1.35    -0.57    -3.66
     1.62    -1.29    -2.16
    -0.47     0.47     0.21
    -0.04     0.69     0.43
    -0.06     0.15    -0.45
      0.2    -0.55    -0.59
    -0.01    -0.66     0.69
    -0.33     -0.9     0.53
     0.91     -1.3    -1.35
    -0.11    -1.91      1.1
    -0.84    -1.47     2.41
    -0.03    -0.13     1.08
    -0.31     0.55     1.46
    -1.08     0.67     0.12
     0.87     -1.5    -1.28
     0.57    -1.34     0.15
    -0.29    -1.24     -0.1
     1.27    -1.12     -3.4
     0.51    -1.75     -0.7
    -0.09     -2.1     1.03
    -1.32    -1.79     1.12
    -0.18     0.23     0.72
    -0.47     1.38    -0.54
    -0.15    -2.02    -1.47
     1.17    -1.59    -1.42
     0.74    -0.81    -1.25
     1.35    -0.52    -3.71
     1.58    -1.22    -2.18
     1.13     -1.9    -0.15
    -0.05      0.7     0.43
    -0.05      0.2    -0.44
    -0.62    -0.49    -1.83
        0    -0.65      0.7
    -0.32    -0.86     0.42
    -0.49    -0.57    -1.23
    -0.13    -1.93     1.12
     -0.8    -1.51     2.25
    -0.14    -0.21     0.77
    -0.37     0.66     1.51
    -1.15     0.85     0.21
    -2.33     0.53    -1.44
     0.55    -1.28     0.21
    -0.35    -1.07    -0.19
    -1.66    -0.17    -1.43
     0.56    -1.76     -0.7
    -0.02    -2.08     0.78
    -0.17       -1     0.18
    -0.31     0.43     0.96
    -0.65     1.68     -0.3
    -1.91     1.36    -1.21
     1.11    -1.47    -1.32
     0.69    -0.52     -1.3
    -1.11     0.46     -1.1
     1.73    -1.37    -2.17
     1.21    -1.85    -0.32
     0.34     -1.4     0.41
    -0.08     0.17    -0.44
    -0.75    -0.45    -1.86
    -1.72    -0.44    -2.72
    -0.35     -0.9     0.42
    -0.55    -0.55    -1.27
    -0.85     0.89    -2.55
     -0.8     -1.5     2.29
    -0.12    -0.21     0.73
      1.2     1.42    -1.88
    -1.11      0.8     0.23
    -2.38     0.61    -1.41
    -4.04      0.9    -1.54
     -0.3    -1.14    -0.18
    -1.63    -0.19    -1.37
    -3.12     2.11     -1.3
    -0.01     -2.1     0.81
     -0.1    -1.09     0.26
    -0.05     1.25    -0.78
    -0.47     1.57    -0.33
    -1.61     1.39    -1.28
    -3.49     1.24    -0.14
     0.83    -0.63    -1.33
     -0.8     0.36    -1.07
    -2.19     1.35    -0.66
     1.27    -1.85    -0.32
     0.44    -1.55     0.55
     0.48    -0.68     -0.7
    -0.72    -0.47    -1.88
     -1.6    -0.42    -2.75
    -1.58     -0.3    -2.28
    -0.51    -0.56    -1.16
    -0.64     0.84    -2.51
    -0.91     1.02    -2.32
    -0.16    -0.21     0.93
     1.34     1.31    -1.76
      1.4     1.35    -2.32
     -2.4     0.56    -1.47
    -4.03     0.97    -1.62
    -3.99    -0.71    -1.49
    -1.59    -0.22    -1.36
    -2.89      2.1    -1.36
    -3.44     0.77    -1.06
    -0.07    -1.11     0.36
     0.19     1.17    -0.83
    -0.06     1.19    -0.44
    -1.77     1.34    -1.29
    -3.82     1.41    -0.01
    -4.52    -0.07     2.56
     -0.9     0.33    -1.02
    -2.26     1.42    -0.57
    -2.53     0.33     1.73
     0.47    -1.62     0.58
     0.56    -0.66     -0.6
     1.38      0.1     0.08
    -0.58     0.16    -1.17
     0.24    -0.59    -0.61
     0.03    -0.71     0.69
     1.01    -0.66    -2.44
     0.94    -1.32    -1.43
    -0.09    -1.95     1.01
     1.11    -0.62    -1.77
     1.25    -1.63    -1.72
    -0.32    -0.85     1.09
     -0.3     0.74    -1.27
     0.85    -1.53    -1.31
     0.61    -1.36     0.09
     1.36       -1    -2.23
     1.28     -1.1     -3.5
      0.6    -1.69    -0.93
     1.82     -0.2     0.01
     1.53     -0.5    -3.16
     0.14    -0.92     -0.1
    -1.71     0.13    -1.77
    -0.39    -2.01    -1.36
     1.15    -1.59     -1.5
     0.57    -0.29    -1.99
     1.29    -0.53    -3.61
     1.75    -1.22    -2.35
     0.88    -0.77    -1.72
     0.32    -0.55    -3.59
     0.19     0.08    -0.74
     0.19    -0.55    -0.54
    -0.03    -0.61      0.7
    -0.32    -0.84     0.45
      0.9    -1.32    -1.32
    -0.14    -1.92     1.15
    -0.83    -1.46     2.35
     1.19    -1.63    -1.63
    -0.38    -0.88     1.26
    -1.23     0.93     3.03
     0.84    -1.47     -1.1
     0.51    -1.23     0.26
    -0.38    -1.11    -0.15
     1.23    -1.17    -3.28
     0.52    -1.79    -0.61
    -0.08    -2.08     0.92
      1.4    -0.52    -3.08
        0    -0.99     0.15
    -0.64    -0.98     2.43
    -0.19    -2.08    -1.24
     1.07    -1.47     -1.2
     0.53    -0.59    -1.23
     1.34    -0.68    -3.52
     1.63     -1.4     -2.1
     1.11    -1.88    -0.26
     0.48    -0.24    -3.48
     0.37    -0.06    -0.51
     0.39    -1.29     1.98
    -0.01    -0.68      0.7
    -0.33    -0.88     0.43
    -0.48    -0.56    -1.24
    -0.16    -1.94     1.19
    -0.81    -1.47     2.29
    -0.12    -0.16     0.76
    -0.46    -0.71     1.39
    -1.23     0.93     3.06
     -0.2     1.31     2.02
     0.56    -1.31     0.17
    -0.35    -1.12    -0.19
    -1.65    -0.17    -1.42
     0.51    -1.77    -0.64
    -0.05    -2.09     0.86
    -0.14    -0.97     0.22
    -0.04    -0.95     0.35
    -0.61    -1.01     2.44
     0.28     -0.8      1.7
     1.16    -1.52     -1.4
      0.7    -0.59     -1.3
    -1.09     0.42    -1.06
     1.68    -1.33     -2.1
     1.18    -1.87    -0.22
     0.36    -1.46     0.44
     0.24    -0.04    -0.28
     0.38    -1.23     2.09
     0.99    -2.23     1.64
    -0.33    -0.87     0.44
    -0.49    -0.57    -1.23
    -0.68     0.69    -2.56
    -0.82    -1.45     2.32
    -0.11    -0.16     0.77
     1.29     1.35    -1.91
    -1.24     1.01     3.06
     -0.2     1.37     2.01
     2.17     0.14    -0.95
    -0.31    -1.16    -0.17
    -1.63     -0.2    -1.39
    -2.99     2.08    -1.45
    -0.06    -2.09     0.93
    -0.12    -0.98     0.25
     0.02      1.4    -0.97
    -0.68     -0.9     2.48
     0.22    -0.71     1.72
     2.05    -0.11    -0.75
     0.76    -0.69     -1.3
       -1     0.36    -1.03
    -2.52     1.56    -0.49
     1.15    -1.89    -0.15
     0.41    -1.53     0.51
     0.38    -0.32    -0.59
     0.29    -1.21     2.16
     0.96    -2.16     1.64
     2.43    -1.48    -1.21
    -0.52    -0.56     -1.2
    -0.71     0.81    -2.54
    -1.03     0.93     -2.3
    -0.12    -0.18     0.83
      1.3     1.36    -1.86
     1.16     1.35    -2.24
    -0.25     1.34     2.03
     2.05     0.06    -0.86
     3.09    -1.89    -1.88
     -1.6    -0.21    -1.37
       -3     2.09    -1.37
     -3.6     0.69    -1.08
    -0.09    -1.07      0.3
     0.05     1.27    -0.86
    -0.35     1.12    -0.39
     0.19    -0.84     1.77
     1.99     -0.2    -0.64
     3.35    -0.25    -1.06
     -0.9     0.33    -1.04
    -2.32     1.44    -0.58
    -2.64      0.4     1.82
     0.44    -1.58     0.55
     0.47    -0.57    -0.62
     1.24     0.11     0.22
     0.92    -2.16     1.78
     2.37    -1.75    -1.23
     4.64    -0.92    -1.15
*******Data analysis*******
Total number of data are:3377
The average error(absolute) for X coordinate accross all data set is:0.735857
The average error(absolute) for Y coordinate accross all data set is:0.707128
The average error(absolute) for Z coordinate accross all data set is:0.825001
