27, 8, pa1-debug-g-our-output.txt
  206.86,   210.53,   200.83
  407.89,   392.68,   208.04
  210.30,   210.95,   209.40
  212.34,   214.66,   334.32
  214.37,   218.38,   459.25
  211.68,   335.88,   205.66
  213.72,   339.60,   330.59
  215.75,   343.31,   455.51
  213.07,   460.82,   201.92
  215.10,   464.53,   326.85
  217.13,   468.25,   451.78
  335.28,   209.50,   207.40
  337.31,   213.22,   332.33
  339.35,   216.94,   457.26
  336.66,   334.44,   203.67
  338.69,   338.16,   328.59
  340.73,   341.87,   453.52
  338.04,   459.38,   199.93
  340.08,   463.09,   324.86
  342.11,   466.81,   449.78
  460.25,   208.06,   205.41
  462.29,   211.78,   330.34
  464.32,   215.49,   455.27
  461.64,   333.00,   201.67
  463.67,   336.71,   326.60
  465.70,   340.43,   451.53
  463.02,   457.93,   197.94
  465.05,   461.65,   322.86
  467.09,   465.37,   447.79
  208.07,   209.39,   451.19
  209.29,   207.90,   576.17
  210.51,   206.41,   701.16
  210.12,   334.37,   452.66
  211.34,   332.88,   577.64
  212.57,   331.39,   702.63
  212.17,   459.34,   454.13
  213.39,   457.85,   579.11
  214.62,   456.36,   704.10
  333.04,   207.36,   449.94
  334.27,   205.87,   574.92
  335.49,   204.38,   699.91
  335.10,   332.33,   451.41
  336.32,   330.84,   576.39
  337.54,   329.35,   701.38
  337.15,   457.31,   452.88
  338.37,   455.82,   577.86
  339.60,   454.33,   702.85
  458.02,   205.32,   448.69
  459.24,   203.83,   573.67
  460.47,   202.34,   698.66
  460.07,   330.29,   450.16
  461.30,   328.80,   575.14
  462.52,   327.31,   700.13
  462.12,   455.27,   451.63
  463.35,   453.78,   576.61
  464.57,   452.29,   701.60
  210.68,   448.47,   210.71
  201.84,   455.25,   335.22
  193.00,   462.03,   459.72
  335.28,   444.34,   219.79
  326.44,   451.12,   344.29
  317.60,   457.89,   468.79
  459.88,   440.21,   228.86
  451.04,   446.98,   353.36
  442.20,   453.76,   477.86
  215.28,   573.22,   204.25
  206.44,   580.00,   328.75
  197.60,   586.77,   453.25
  339.89,   569.09,   213.32
  331.05,   575.86,   337.82
  322.21,   582.64,   462.33
  464.49,   564.95,   222.39
  455.65,   571.73,   346.90
  446.81,   578.51,   471.40
  219.89,   697.97,   197.78
  211.05,   704.74,   322.29
  202.21,   711.52,   446.79
  344.49,   693.83,   206.86
  335.65,   700.61,   331.36
  326.81,   707.39,   455.86
  469.10,   689.70,   215.93
  460.26,   696.48,   340.43
  451.42,   703.26,   464.93
  208.76,   449.06,   450.09
  206.69,   446.41,   575.04
  204.61,   443.75,   700.00
  209.58,   574.03,   452.75
  207.50,   571.37,   577.71
  205.43,   568.72,   702.66
  210.40,   699.00,   455.42
  208.32,   696.34,   580.37
  206.25,   693.69,   705.33
  333.74,   448.20,   452.14
  331.67,   445.54,   577.10
  329.59,   442.89,   702.05
  334.56,   573.17,   454.81
  332.48,   570.51,   579.76
  330.41,   567.86,   704.72
  335.38,   698.13,   457.48
  333.30,   695.48,   582.43
  331.23,   692.83,   707.38
  458.72,   447.34,   454.20
  456.65,   444.68,   579.16
  454.57,   442.03,   704.11
  459.54,   572.30,   456.87
  457.46,   569.65,   581.82
  455.39,   567.00,   706.78
  460.36,   697.27,   459.53
  458.28,   694.62,   584.49
  456.21,   691.97,   709.44
  218.40,   201.12,   447.74
  343.21,   201.65,   440.89
  468.02,   202.18,   434.04
  218.09,   326.06,   451.71
  342.90,   326.59,   444.86
  467.71,   327.12,   438.00
  217.77,   451.00,   455.68
  342.58,   451.53,   448.82
  467.40,   452.06,   441.97
  225.27,   197.18,   572.49
  350.08,   197.71,   565.64
  474.89,   198.24,   558.78
  224.96,   322.12,   576.46
  349.77,   322.65,   569.61
  474.58,   323.18,   562.75
  224.64,   447.05,   580.43
  349.45,   447.58,   573.57
  474.26,   448.11,   566.72
  232.14,   193.24,   697.24
  356.95,   193.77,   690.39
  481.76,   194.30,   683.53
  231.82,   318.17,   701.21
  356.63,   318.70,   694.35
  481.45,   319.23,   687.50
  231.51,   443.11,   705.18
  356.32,   443.64,   698.32
  481.13,   444.17,   691.47
  450.84,   208.83,   448.29
  449.73,   209.29,   573.29
  448.61,   209.75,   698.28
  447.51,   333.79,   447.80
  446.39,   334.25,   572.80
  445.28,   334.71,   697.79
  444.17,   458.74,   447.31
  443.06,   459.20,   572.31
  441.94,   459.66,   697.30
  575.79,   212.17,   449.39
  574.68,   212.63,   574.39
  573.56,   213.09,   699.38
  572.46,   337.12,   448.90
  571.34,   337.58,   573.90
  570.23,   338.04,   698.89
  569.12,   462.08,   448.41
  568.01,   462.54,   573.41
  566.90,   463.00,   698.40
  700.74,   215.51,   450.50
  699.63,   215.97,   575.49
  698.51,   216.43,   700.48
  697.41,   340.46,   450.01
  696.29,   340.92,   575.00
  695.18,   341.38,   699.99
  694.07,   465.42,   449.52
  692.96,   465.88,   574.51
  691.85,   466.34,   699.50
  449.32,   449.93,   208.09
  425.51,   483.44,   326.13
  401.71,   516.95,   444.18
  566.93,   421.83,   239.78
  543.12,   455.34,   357.83
  519.31,   488.85,   475.87
  684.53,   393.73,   271.47
  660.73,   427.25,   389.52
  636.92,   460.76,   507.57
  484.35,   567.03,   181.91
  460.54,   600.54,   299.96
  436.74,   634.05,   418.00
  601.96,   538.93,   213.60
  578.15,   572.44,   331.65
  554.34,   605.95,   449.70
  719.56,   510.83,   245.29
  695.76,   544.35,   363.34
  671.95,   577.86,   481.39
  519.38,   684.13,   155.73
  495.58,   717.64,   273.78
  471.77,   751.15,   391.83
  636.99,   656.03,   187.42
  613.18,   689.54,   305.47
  589.38,   723.05,   423.52
  754.59,   627.94,   219.12
  730.79,   661.45,   337.16
  706.98,   694.96,   455.21
  451.30,   450.82,   448.09
  450.90,   453.95,   573.05
  450.50,   457.07,   698.01
  448.29,   575.75,   444.96
  447.89,   578.87,   569.92
  447.49,   582.00,   694.88
  445.28,   700.67,   441.83
  444.88,   703.80,   566.79
  444.48,   706.92,   691.75
  576.26,   453.84,   448.42
  575.87,   456.97,   573.38
  575.47,   460.09,   698.34
  573.25,   578.77,   445.28
  572.86,   581.89,   570.24
  572.46,   585.02,   695.20
  570.24,   703.69,   442.15
  569.84,   706.82,   567.11
  569.45,   709.94,   692.07
  701.23,   456.86,   448.74
  700.83,   459.99,   573.70
  700.43,   463.11,   698.66
  698.22,   581.79,   445.60
  697.82,   584.91,   570.57
  697.42,   588.04,   695.53
  695.21,   706.71,   442.47
  694.81,   709.84,   567.43
  694.41,   712.96,   692.39
