27, 8, pa1-debug-e-our-output.txt
  194.56,   197.04,   202.04
  309.80,   370.06,   276.81
  211.58,   208.29,   211.38
  209.29,   204.71,   336.31
  206.99,   201.14,   461.24
  208.80,   333.21,   214.91
  206.51,   329.63,   339.83
  204.21,   326.05,   464.76
  206.02,   458.13,   218.43
  203.72,   454.55,   343.36
  201.43,   450.97,   468.29
  336.53,   211.00,   213.75
  334.24,   207.43,   338.68
  331.94,   203.85,   463.61
  333.75,   335.92,   217.28
  331.45,   332.35,   342.21
  329.16,   328.77,   467.13
  330.97,   460.84,   220.80
  328.67,   457.27,   345.73
  326.38,   453.69,   470.66
  461.48,   213.72,   216.13
  459.18,   210.14,   341.05
  456.89,   206.57,   465.98
  458.70,   338.64,   219.65
  456.40,   335.06,   344.58
  454.11,   331.49,   469.51
  455.91,   463.56,   223.18
  453.62,   459.98,   348.10
  451.33,   456.40,   473.03
  210.11,   210.26,   448.87
  208.76,   211.59,   573.85
  207.42,   212.93,   698.84
  207.23,   335.22,   447.50
  205.88,   336.55,   572.49
  204.54,   337.89,   697.48
  204.35,   460.18,   446.14
  203.01,   461.51,   571.13
  201.66,   462.85,   696.11
  335.07,   213.16,   450.18
  333.72,   214.49,   575.17
  332.38,   215.82,   700.16
  332.19,   338.12,   448.82
  330.84,   339.45,   573.81
  329.50,   340.78,   698.79
  329.31,   463.08,   447.46
  327.96,   464.41,   572.45
  326.62,   465.74,   697.43
  460.03,   216.05,   451.50
  458.68,   217.38,   576.49
  457.33,   218.71,   701.47
  457.15,   341.01,   450.14
  455.80,   342.34,   575.12
  454.46,   343.67,   700.11
  454.27,   465.97,   448.78
  452.92,   467.30,   573.76
  451.58,   468.63,   698.75
  437.06,   267.85,   164.49
  465.67,   246.15,   284.23
  494.27,   224.45,   403.96
  556.49,   296.39,   141.13
  585.10,   274.70,   260.86
  613.71,   253.00,   380.60
  675.93,   324.94,   117.77
  704.53,   303.24,   237.50
  733.14,   281.55,   357.23
  413.77,   387.60,   191.76
  442.38,   365.90,   311.49
  470.99,   344.20,   431.22
  533.21,   416.14,   168.40
  561.81,   394.44,   288.13
  590.42,   372.75,   407.86
  652.64,   444.69,   145.03
  681.25,   422.99,   264.77
  709.85,   401.29,   384.50
  390.49,   507.34,   219.02
  419.09,   485.65,   338.75
  447.70,   463.95,   458.49
  509.92,   535.89,   195.66
  538.53,   514.19,   315.39
  567.13,   492.49,   435.12
  629.35,   564.43,   172.30
  657.96,   542.74,   292.03
  686.57,   521.04,   411.76
  217.41,   489.51,   401.83
  240.09,   610.54,   380.31
  262.76,   731.57,   358.79
  196.30,   514.90,   522.39
  218.97,   635.93,   500.87
  241.64,   756.96,   479.35
  175.18,   540.30,   642.95
  197.85,   661.33,   621.43
  220.52,   782.35,   599.91
  338.51,   471.28,   426.89
  361.19,   592.31,   405.36
  383.86,   713.34,   383.84
  317.40,   496.67,   547.44
  340.07,   617.70,   525.92
  362.74,   738.73,   504.40
  296.28,   522.07,   668.00
  318.95,   643.10,   646.48
  341.62,   764.12,   624.96
  459.61,   453.05,   451.94
  482.29,   574.08,   430.42
  504.96,   695.11,   408.90
  438.50,   478.44,   572.50
  461.17,   599.47,   550.97
  483.84,   720.50,   529.45
  417.38,   503.84,   693.05
  440.05,   624.86,   671.53
  462.72,   745.89,   650.01
  451.75,   209.16,   210.97
  448.78,   208.98,   335.93
  445.81,   208.81,   460.90
  454.26,   334.13,   211.21
  451.29,   333.96,   336.17
  448.32,   333.78,   461.13
  456.77,   459.11,   211.44
  453.80,   458.93,   336.41
  450.83,   458.75,   461.37
  576.69,   206.64,   213.93
  573.72,   206.47,   338.90
  570.75,   206.29,   463.86
  579.20,   331.62,   214.17
  576.23,   331.44,   339.14
  573.26,   331.27,   464.10
  581.71,   456.59,   214.41
  578.74,   456.42,   339.37
  575.77,   456.24,   464.34
  701.63,   204.13,   216.90
  698.66,   203.95,   341.86
  695.69,   203.78,   466.83
  704.14,   329.11,   217.14
  701.17,   328.93,   342.10
  698.20,   328.75,   467.06
  706.65,   454.08,   217.37
  703.68,   453.90,   342.34
  700.71,   453.73,   467.30
  448.48,   208.46,   449.32
  447.89,   206.37,   574.30
  447.30,   204.28,   699.28
  451.92,   333.39,   451.43
  451.33,   331.30,   576.41
  450.74,   329.21,   701.39
  455.36,   458.33,   453.53
  454.77,   456.24,   578.51
  454.18,   454.15,   703.49
  573.43,   205.01,   449.86
  572.84,   202.92,   574.84
  572.25,   200.83,   699.82
  576.87,   329.94,   451.96
  576.28,   327.85,   576.94
  575.69,   325.76,   701.92
  580.31,   454.88,   454.07
  579.72,   452.79,   579.05
  579.13,   450.70,   704.03
  698.38,   201.56,   450.39
  697.79,   199.47,   575.37
  697.20,   197.38,   700.35
  701.82,   326.49,   452.50
  701.23,   324.40,   577.48
  700.64,   322.31,   702.46
  705.26,   451.43,   454.60
  704.67,   449.34,   579.58
  704.08,   447.25,   704.56
  449.42,   449.91,   210.83
  442.30,   574.50,   217.97
  435.18,   699.09,   225.11
  454.20,   443.03,   335.55
  447.08,   567.63,   342.69
  439.96,   692.22,   349.83
  458.99,   436.16,   460.27
  451.87,   560.75,   467.41
  444.75,   685.35,   474.54
  574.12,   457.28,   206.45
  567.01,   581.88,   213.59
  559.89,   706.47,   220.73
  578.91,   450.41,   331.17
  571.79,   575.00,   338.31
  564.67,   699.60,   345.45
  583.69,   443.54,   455.89
  576.57,   568.13,   463.03
  569.45,   692.72,   470.17
  698.83,   464.66,   202.07
  691.71,   589.25,   209.21
  684.59,   713.85,   216.35
  703.61,   457.79,   326.79
  696.49,   582.38,   333.93
  689.37,   706.97,   341.07
  708.40,   450.91,   451.51
  701.28,   575.51,   458.65
  694.16,   700.10,   465.79
  450.18,   448.85,   449.75
  446.64,   449.71,   574.70
  443.11,   450.58,   699.64
  451.80,   573.83,   448.93
  448.26,   574.70,   573.88
  444.73,   575.56,   698.82
  453.42,   698.82,   448.11
  449.88,   699.69,   573.06
  446.35,   700.55,   698.00
  575.12,   447.25,   453.29
  571.58,   448.12,   578.24
  568.05,   448.98,   703.19
  576.74,   572.24,   452.47
  573.20,   573.10,   577.42
  569.67,   573.97,   702.37
  578.36,   697.23,   451.65
  574.82,   698.09,   576.60
  571.29,   698.96,   701.55
  700.06,   445.66,   456.84
  696.52,   446.52,   581.79
  692.99,   447.39,   706.73
  701.68,   570.64,   456.02
  698.14,   571.51,   580.97
  694.61,   572.37,   705.91
  703.29,   695.63,   455.20
  699.76,   696.50,   580.15
  696.23,   697.36,   705.09
