27, 8, pa1-unknown-i-our-output.txt
  194.63,   199.46,   193.86
  360.86,   338.64,   255.38
  211.94,   209.51,   210.14
  209.27,   208.26,   335.11
  206.60,   207.02,   460.07
  212.98,   334.50,   211.41
  210.31,   333.25,   336.37
  207.64,   332.01,   461.34
  214.01,   459.48,   212.67
  211.34,   458.24,   337.64
  208.67,   457.00,   462.60
  336.91,   208.44,   212.80
  334.24,   207.20,   337.76
  331.57,   205.96,   462.73
  337.94,   333.43,   214.06
  335.27,   332.19,   339.03
  332.61,   330.95,   464.00
  338.98,   458.42,   215.33
  336.31,   457.18,   340.30
  333.64,   455.94,   465.26
  461.88,   207.38,   215.46
  459.21,   206.14,   340.42
  456.54,   204.89,   465.39
  462.91,   332.37,   216.72
  460.24,   331.13,   341.69
  457.57,   329.88,   466.65
  463.95,   457.36,   217.99
  461.28,   456.12,   342.95
  458.61,   454.87,   467.92
  209.20,   210.06,   449.97
  206.39,   210.28,   574.93
  203.58,   210.49,   699.90
  207.95,   335.05,   449.72
  205.14,   335.27,   574.69
  202.33,   335.49,   699.66
  206.69,   460.04,   449.48
  203.88,   460.26,   574.44
  201.07,   460.48,   699.41
  334.16,   211.32,   452.78
  331.35,   211.54,   577.74
  328.54,   211.75,   702.71
  332.91,   336.31,   452.53
  330.10,   336.53,   577.50
  327.29,   336.75,   702.47
  331.65,   461.30,   452.28
  328.84,   461.52,   577.25
  326.03,   461.74,   702.22
  459.13,   212.58,   455.58
  456.32,   212.80,   580.55
  453.50,   213.01,   705.52
  457.87,   337.57,   455.34
  455.06,   337.79,   580.31
  452.25,   338.01,   705.27
  456.62,   462.57,   455.09
  453.81,   462.78,   580.06
  450.99,   463.00,   705.03
  301.21,   422.12,   146.73
  411.46,   386.56,   193.67
  521.72,   351.01,   240.62
  351.29,   531.16,   111.70
  461.54,   495.61,   158.65
  571.80,   460.05,   205.60
  401.36,   640.20,   76.67
  511.62,   604.65,   123.62
  621.88,   569.09,   170.57
  270.21,   471.82,   257.15
  380.47,   436.27,   304.10
  490.73,   400.71,   351.05
  320.29,   580.86,   222.13
  430.55,   545.31,   269.07
  540.81,   509.75,   316.02
  370.37,   689.91,   187.10
  480.63,   654.35,   234.05
  590.89,   618.80,   281.00
  239.22,   521.53,   367.58
  349.48,   485.97,   414.53
  459.74,   450.42,   461.48
  289.30,   630.57,   332.55
  399.56,   595.01,   379.50
  509.82,   559.46,   426.45
  339.38,   739.61,   297.53
  449.64,   704.06,   344.47
  559.89,   668.50,   391.42
  208.91,   448.71,   449.80
  210.42,   446.98,   574.78
  211.93,   445.24,   699.76
  206.87,   573.68,   451.56
  208.38,   571.95,   576.54
  209.89,   570.21,   701.52
  204.83,   698.65,   453.32
  206.34,   696.92,   578.30
  207.85,   695.18,   703.28
  333.88,   450.77,   448.32
  335.39,   449.04,   573.30
  336.90,   447.30,   698.28
  331.84,   575.74,   450.08
  333.35,   574.01,   575.06
  334.86,   572.27,   700.03
  329.80,   700.71,   451.83
  331.31,   698.98,   576.81
  332.82,   697.24,   701.79
  458.86,   452.83,   446.83
  460.37,   451.10,   571.81
  461.88,   449.36,   696.79
  456.82,   577.80,   448.59
  458.33,   576.07,   573.57
  459.84,   574.33,   698.55
  454.78,   702.77,   450.35
  456.29,   701.04,   575.33
  457.80,   699.31,   700.31
  450.01,   211.90,   209.38
  452.29,   211.54,   334.36
  454.57,   211.18,   459.34
  448.50,   336.89,   209.77
  450.78,   336.53,   334.74
  453.06,   336.17,   459.72
  446.99,   461.88,   210.15
  449.27,   461.52,   335.13
  451.55,   461.16,   460.11
  574.98,   213.42,   207.10
  577.26,   213.06,   332.08
  579.54,   212.70,   457.06
  573.47,   338.41,   207.49
  575.75,   338.05,   332.47
  578.03,   337.69,   457.45
  571.96,   463.40,   207.88
  574.24,   463.04,   332.85
  576.52,   462.68,   457.83
  699.95,   214.93,   204.83
  702.23,   214.57,   329.81
  704.51,   214.22,   454.78
  698.44,   339.92,   205.21
  700.72,   339.57,   330.19
  703.00,   339.21,   455.17
  696.93,   464.91,   205.60
  699.21,   464.56,   330.58
  701.49,   464.20,   455.56
  531.19,   298.95,   282.09
  609.92,   386.16,   239.41
  688.65,   473.37,   196.73
  487.97,   379.64,   367.22
  566.69,   466.85,   324.54
  645.42,   554.06,   281.85
  444.74,   460.33,   452.34
  523.46,   547.53,   409.66
  602.19,   634.74,   366.98
  618.13,   260.10,   363.07
  696.86,   347.31,   320.39
  775.59,   434.52,   277.71
  574.90,   340.79,   448.19
  653.63,   428.00,   405.51
  732.36,   515.20,   362.83
  531.68,   421.47,   533.32
  610.40,   508.68,   490.64
  689.13,   595.89,   447.95
  705.07,   221.25,   444.05
  783.80,   308.46,   401.37
  862.53,   395.66,   358.68
  661.84,   301.93,   529.17
  740.57,   389.14,   486.49
  819.30,   476.35,   443.81
  618.61,   382.62,   614.30
  697.34,   469.83,   571.61
  776.07,   557.04,   528.93
  449.20,   451.57,   211.28
  447.44,   452.13,   336.27
  445.67,   452.69,   461.26
  445.59,   576.51,   210.67
  443.82,   577.07,   335.66
  442.06,   577.64,   460.64
  441.98,   701.46,   210.06
  440.21,   702.02,   335.05
  438.45,   702.58,   460.03
  574.14,   455.19,   213.03
  572.37,   455.75,   338.02
  570.61,   456.31,   463.00
  570.52,   580.13,   212.42
  568.76,   580.69,   337.40
  567.00,   581.26,   462.39
  566.91,   705.08,   211.81
  565.15,   705.64,   336.79
  563.38,   706.20,   461.78
  699.07,   458.81,   214.78
  697.31,   459.37,   339.76
  695.54,   459.93,   464.75
  695.46,   583.75,   214.17
  693.70,   584.31,   339.15
  691.93,   584.87,   464.14
  691.85,   708.70,   213.55
  690.08,   709.26,   338.54
  688.32,   709.82,   463.53
  450.98,   451.99,   449.75
  452.21,   453.51,   574.73
  453.45,   455.02,   699.72
  451.23,   576.98,   448.23
  452.47,   578.50,   573.21
  453.70,   580.01,   698.20
  451.49,   701.97,   446.71
  452.72,   703.49,   571.70
  453.96,   705.00,   696.68
  575.97,   451.72,   448.52
  577.21,   453.24,   573.50
  578.44,   454.75,   698.49
  576.22,   576.71,   447.00
  577.46,   578.23,   571.98
  578.70,   579.74,   696.97
  576.48,   701.70,   445.48
  577.71,   703.22,   570.46
  578.95,   704.73,   695.45
  700.96,   451.45,   447.28
  702.20,   452.97,   572.27
  703.43,   454.48,   697.25
  701.22,   576.44,   445.77
  702.45,   577.96,   570.75
  703.69,   579.47,   695.73
  701.47,   701.43,   444.25
  702.71,   702.95,   569.23
  703.94,   704.46,   694.22
