27, 8, pa1-debug-c-our-output.txt
  203.77,   201.99,   207.88
  405.18,   392.93,   203.41
  208.98,   208.14,   209.55
  205.30,   211.45,   334.45
  201.61,   214.76,   459.35
  211.09,   333.08,   206.30
  207.41,   336.39,   331.21
  203.73,   339.70,   456.11
  213.21,   458.02,   203.06
  209.52,   461.33,   327.96
  205.84,   464.64,   452.86
  333.91,   206.12,   213.29
  330.22,   209.43,   338.19
  326.54,   212.74,   463.09
  336.02,   331.06,   210.04
  332.34,   334.37,   334.94
  328.65,   337.68,   459.85
  338.14,   456.00,   206.80
  334.45,   459.31,   331.70
  330.77,   462.62,   456.60
  458.84,   204.11,   217.03
  455.15,   207.41,   341.93
  451.47,   210.72,   466.83
  460.95,   329.04,   213.78
  457.27,   332.35,   338.68
  453.58,   335.66,   463.59
  463.07,   453.98,   210.53
  459.38,   457.29,   335.44
  455.70,   460.60,   460.34
  211.10,   211.41,   451.57
  212.80,   208.35,   576.52
  214.50,   205.28,   701.47
  214.10,   336.34,   454.59
  215.80,   333.27,   579.54
  217.50,   330.21,   704.49
  217.10,   461.26,   457.61
  218.80,   458.20,   582.57
  220.50,   455.14,   707.52
  336.05,   208.45,   449.80
  337.75,   205.39,   574.75
  339.45,   202.32,   699.70
  339.05,   333.38,   452.82
  340.75,   330.31,   577.77
  342.45,   327.25,   702.72
  342.05,   458.31,   455.84
  343.75,   455.24,   580.79
  345.45,   452.18,   705.74
  461.00,   205.49,   448.03
  462.70,   202.43,   572.98
  464.40,   199.37,   697.93
  464.01,   330.42,   451.05
  465.71,   327.36,   576.00
  467.40,   324.29,   700.95
  467.01,   455.35,   454.07
  468.71,   452.28,   579.02
  470.41,   449.22,   703.97
  210.29,   449.39,   210.45
  213.81,   451.69,   335.38
  217.33,   453.99,   460.31
  212.65,   574.35,   208.09
  216.17,   576.64,   333.01
  219.69,   578.94,   457.94
  215.00,   699.30,   205.72
  218.52,   701.60,   330.65
  222.04,   703.90,   455.58
  335.22,   446.97,   206.97
  338.74,   449.27,   331.90
  342.26,   451.57,   456.83
  337.57,   571.93,   204.61
  341.09,   574.22,   329.54
  344.62,   576.52,   454.47
  339.93,   696.88,   202.24
  343.45,   699.18,   327.17
  346.97,   701.48,   452.10
  460.15,   444.55,   203.50
  463.67,   446.85,   328.43
  467.19,   449.14,   453.35
  462.50,   569.50,   201.13
  466.02,   571.80,   326.06
  469.54,   574.10,   450.99
  464.86,   694.46,   198.77
  468.38,   696.76,   323.70
  471.90,   699.06,   448.63
  209.86,   451.43,   451.16
  211.02,   450.60,   576.15
  212.19,   449.78,   701.14
  213.20,   576.38,   451.95
  214.36,   575.56,   576.95
  215.52,   574.73,   701.94
  216.53,   701.34,   452.75
  217.70,   700.51,   577.74
  218.86,   699.69,   702.73
  334.81,   448.10,   449.98
  335.97,   447.28,   574.97
  337.14,   446.45,   699.96
  338.15,   573.05,   450.77
  339.31,   572.23,   575.76
  340.47,   571.40,   700.75
  341.48,   698.01,   451.56
  342.65,   697.18,   576.55
  343.81,   696.36,   701.55
  459.76,   444.77,   448.79
  460.92,   443.95,   573.78
  462.09,   443.12,   698.77
  463.10,   569.73,   449.58
  464.26,   568.90,   574.58
  465.42,   568.08,   699.57
  466.43,   694.68,   450.38
  467.60,   693.85,   575.37
  468.76,   693.03,   700.36
  448.70,   211.71,   209.46
  554.63,   267.48,   173.49
  660.56,   323.25,   137.52
  409.87,   318.74,   261.06
  515.80,   374.51,   225.09
  621.73,   430.28,   189.12
  371.05,   425.76,   312.66
  476.98,   481.53,   276.69
  582.90,   537.30,   240.72
  502.52,   179.15,   317.48
  608.45,   234.92,   281.51
  714.38,   290.69,   245.54
  463.70,   286.18,   369.08
  569.62,   341.95,   333.11
  675.55,   397.72,   297.14
  424.87,   393.21,   420.68
  530.80,   448.98,   384.71
  636.73,   504.75,   348.74
  556.34,   146.60,   425.50
  662.27,   202.37,   389.53
  768.20,   258.14,   353.56
  517.52,   253.63,   477.10
  623.45,   309.40,   441.13
  729.37,   365.17,   405.16
  478.69,   360.65,   528.70
  584.62,   416.42,   492.73
  690.55,   472.19,   456.76
  450.96,   208.83,   450.58
  452.57,   205.40,   575.52
  454.18,   201.98,   700.47
  454.46,   333.74,   453.96
  456.07,   330.31,   578.90
  457.69,   326.88,   703.85
  457.96,   458.64,   457.34
  459.57,   455.21,   582.28
  461.19,   451.79,   707.23
  575.90,   205.37,   448.87
  577.51,   201.95,   573.82
  579.13,   198.52,   698.76
  579.40,   330.28,   452.25
  581.01,   326.85,   577.20
  582.63,   323.43,   702.14
  582.90,   455.18,   455.63
  584.51,   451.76,   580.58
  586.13,   448.33,   705.52
  700.84,   201.92,   447.17
  702.45,   198.49,   572.11
  704.07,   195.07,   697.05
  704.34,   326.82,   450.55
  705.95,   323.40,   575.49
  707.57,   319.97,   700.43
  707.84,   451.73,   453.93
  709.46,   448.30,   578.87
  711.07,   444.88,   703.81
  448.41,   449.29,   210.58
  447.64,   452.74,   335.53
  446.87,   456.18,   460.48
  447.38,   574.24,   207.13
  446.61,   577.68,   332.08
  445.84,   581.13,   457.03
  446.35,   699.19,   203.67
  445.58,   702.63,   328.62
  444.81,   706.08,   453.58
  573.40,   450.34,   211.32
  572.63,   453.79,   336.27
  571.86,   457.23,   461.22
  572.37,   575.29,   207.87
  571.60,   578.74,   332.82
  570.83,   582.18,   457.77
  571.34,   700.24,   204.42
  570.57,   703.68,   329.37
  569.80,   707.13,   454.32
  698.40,   451.39,   212.06
  697.63,   454.84,   337.01
  696.86,   458.29,   461.96
  697.37,   576.34,   208.61
  696.60,   579.79,   333.56
  695.82,   583.23,   458.51
  696.34,   701.29,   205.16
  695.57,   704.73,   330.11
  694.79,   708.18,   455.06
  449.80,   451.73,   451.42
  453.10,   451.46,   576.38
  456.40,   451.20,   701.33
  448.25,   576.72,   451.73
  451.55,   576.45,   576.68
  454.85,   576.19,   701.64
  446.71,   701.71,   452.04
  450.01,   701.44,   576.99
  453.31,   701.18,   701.95
  574.75,   453.28,   448.12
  578.05,   453.02,   573.08
  581.35,   452.75,   698.04
  573.20,   578.27,   448.43
  576.50,   578.01,   573.39
  579.80,   577.74,   698.34
  571.66,   703.26,   448.74
  574.95,   703.00,   573.70
  578.25,   702.73,   698.65
  699.69,   454.84,   444.83
  702.99,   454.57,   569.78
  706.29,   454.30,   694.74
  698.15,   579.83,   445.14
  701.45,   579.56,   570.09
  704.75,   579.29,   695.05
  696.60,   704.82,   445.44
  699.90,   704.55,   570.40
  703.20,   704.28,   695.36
