27, 8, pa1-unknown-j-our-output.txt
  195.87,   199.98,   199.27
  381.82,   401.81,   199.66
  208.84,   211.79,   211.95
  206.21,   208.52,   336.87
  203.59,   205.26,   461.80
  206.44,   336.72,   215.16
  203.81,   333.46,   340.09
  201.19,   330.20,   465.02
  204.04,   461.66,   218.37
  201.41,   458.39,   343.30
  198.79,   455.13,   468.23
  333.79,   214.12,   214.63
  331.16,   210.85,   339.56
  328.54,   207.59,   464.49
  331.39,   339.05,   217.84
  328.76,   335.79,   342.77
  326.14,   332.53,   467.70
  328.99,   463.99,   221.05
  326.36,   460.73,   345.98
  323.74,   457.46,   470.91
  458.74,   216.45,   217.31
  456.11,   213.19,   342.24
  453.49,   209.92,   467.17
  456.34,   341.38,   220.52
  453.71,   338.12,   345.45
  451.09,   334.86,   470.38
  453.94,   466.32,   223.74
  451.31,   463.06,   348.67
  448.69,   459.79,   473.60
  212.00,   208.59,   449.02
  172.24,   290.36,   534.79
  132.48,   372.14,   620.57
  296.78,   165.01,   529.87
  257.02,   246.78,   615.65
  217.26,   328.56,   701.42
  381.57,   121.43,   610.73
  341.81,   203.20,   696.50
  302.05,   284.98,   782.27
  294.79,   292.49,   407.42
  255.03,   374.26,   493.19
  215.27,   456.03,   578.96
  379.58,   248.91,   488.27
  339.82,   330.68,   574.04
  300.06,   412.45,   659.82
  464.37,   205.33,   569.12
  424.61,   287.10,   654.89
  384.84,   368.88,   740.67
  377.59,   376.38,   365.81
  337.83,   458.16,   451.59
  298.07,   539.93,   537.36
  462.38,   332.81,   446.66
  422.62,   414.58,   532.44
  382.85,   496.35,   618.21
  547.16,   289.23,   527.52
  507.40,   371.00,   613.29
  467.64,   452.77,   699.06
  194.93,   450.92,   224.08
  319.28,   460.39,   215.56
  443.63,   469.86,   207.05
  186.05,   575.31,   232.73
  310.40,   584.78,   224.21
  434.75,   594.24,   215.70
  177.17,   699.69,   241.38
  301.52,   709.16,   232.87
  425.87,   718.63,   224.35
  204.06,   442.92,   348.48
  328.41,   452.39,   339.97
  452.76,   461.86,   331.46
  195.18,   567.31,   357.14
  319.53,   576.77,   348.62
  443.88,   586.24,   340.11
  186.30,   691.69,   365.79
  310.65,   701.16,   357.28
  435.00,   710.63,   348.76
  213.18,   434.92,   472.89
  337.53,   444.39,   464.38
  461.88,   453.86,   455.87
  204.31,   559.30,   481.55
  328.66,   568.77,   473.03
  453.01,   578.24,   464.52
  195.43,   683.69,   490.20
  319.78,   693.15,   481.69
  444.13,   702.62,   473.17
  298.50,   529.55,   281.79
  386.81,   606.56,   238.24
  475.11,   683.57,   194.69
  259.79,   618.51,   360.61
  348.10,   695.52,   317.07
  436.40,   772.53,   273.52
  221.08,   707.46,   439.44
  309.39,   784.48,   395.89
  397.69,   861.49,   352.34
  378.06,   487.35,   368.48
  466.36,   564.36,   324.93
  554.66,   641.37,   281.38
  339.35,   576.31,   447.31
  427.65,   653.32,   403.76
  515.96,   730.33,   360.21
  300.64,   665.27,   526.13
  388.94,   742.28,   482.58
  477.25,   819.29,   439.03
  457.61,   445.15,   455.17
  545.92,   522.16,   411.62
  634.22,   599.17,   368.07
  418.90,   534.11,   534.00
  507.21,   611.12,   490.45
  595.51,   688.13,   446.90
  380.19,   623.07,   612.82
  468.50,   700.08,   569.27
  556.80,   777.09,   525.72
  211.37,   449.63,   206.63
  209.12,   447.45,   331.59
  206.88,   445.27,   456.55
  336.34,   450.98,   208.90
  334.09,   448.81,   333.86
  331.85,   446.63,   458.82
  461.31,   452.34,   211.17
  459.07,   450.16,   336.13
  456.82,   447.99,   461.09
  209.97,   574.60,   208.78
  207.72,   572.42,   333.74
  205.48,   570.24,   458.70
  334.94,   575.96,   211.05
  332.70,   573.78,   336.01
  330.45,   571.60,   460.97
  459.91,   577.32,   213.32
  457.67,   575.14,   338.28
  455.42,   572.96,   463.24
  208.57,   699.57,   210.93
  206.33,   697.40,   335.89
  204.08,   695.22,   460.85
  333.55,   700.93,   213.20
  331.30,   698.75,   338.16
  329.05,   696.58,   463.12
  458.52,   702.29,   215.47
  456.27,   700.11,   340.43
  454.03,   697.93,   465.39
  449.30,   211.49,   450.94
  422.27,   249.31,   566.97
  395.24,   287.13,   683.01
  564.76,   180.94,   487.79
  537.74,   218.76,   603.83
  510.71,   256.57,   719.86
  680.23,   150.38,   524.65
  653.20,   188.20,   640.68
  626.17,   226.02,   756.72
  488.81,   326.65,   422.61
  461.78,   364.47,   538.64
  434.75,   402.29,   654.68
  604.28,   296.10,   459.46
  577.25,   333.91,   575.50
  550.22,   371.73,   691.53
  719.75,   265.54,   496.32
  692.72,   303.36,   612.35
  665.69,   341.18,   728.39
  528.32,   441.81,   394.28
  501.29,   479.63,   510.32
  474.26,   517.44,   626.35
  643.79,   411.25,   431.14
  616.76,   449.07,   547.17
  589.73,   486.89,   663.21
  759.26,   380.70,   467.99
  732.23,   418.52,   584.03
  705.20,   456.33,   700.06
  451.38,   451.52,   208.78
  453.59,   448.98,   333.74
  455.79,   446.44,   458.69
  452.81,   576.48,   211.29
  455.02,   573.95,   336.25
  457.23,   571.41,   461.20
  454.24,   701.45,   213.80
  456.45,   698.91,   338.76
  458.66,   696.38,   463.71
  576.35,   450.13,   206.54
  578.56,   447.59,   331.50
  580.77,   445.05,   456.45
  577.78,   575.10,   209.06
  579.99,   572.56,   334.01
  582.20,   570.02,   458.96
  579.22,   700.06,   211.57
  581.43,   697.52,   336.52
  583.63,   694.99,   461.48
  701.32,   448.74,   204.31
  703.53,   446.20,   329.26
  705.74,   443.67,   454.22
  702.76,   573.71,   206.82
  704.96,   571.17,   331.77
  707.17,   568.63,   456.73
  704.19,   698.67,   209.33
  706.40,   696.14,   334.29
  708.61,   693.60,   459.24
  448.58,   452.12,   450.62
  413.87,   506.09,   557.89
  379.15,   560.07,   665.16
  555.06,   414.33,   504.10
  520.35,   468.30,   611.37
  485.63,   522.28,   718.63
  661.54,   376.53,   557.57
  626.82,   430.51,   664.84
  592.11,   484.49,   772.11
  504.10,   558.34,   415.14
  469.39,   612.32,   522.41
  434.68,   666.29,   629.67
  610.58,   520.55,   468.61
  575.87,   574.53,   575.88
  541.15,   628.50,   683.15
  717.06,   482.76,   522.09
  682.34,   536.74,   629.36
  647.63,   590.71,   736.62
  559.62,   664.56,   379.65
  524.91,   718.54,   486.92
  490.20,   772.52,   594.19
  666.10,   626.77,   433.13
  631.39,   680.75,   540.40
  596.67,   734.73,   647.66
  772.58,   588.98,   486.60
  737.86,   642.96,   593.87
  703.15,   696.94,   701.14
