27, 8, pa1-debug-b-our-output.txt
  200.39,   202.86,   192.30
  394.32,   392.95,   191.78
  210.34,   208.35,   208.82
  213.22,   210.62,   333.77
  216.09,   212.90,   458.71
  208.65,   333.32,   206.58
  211.53,   335.59,   331.53
  214.40,   337.87,   456.48
  206.97,   458.29,   204.35
  209.84,   460.56,   329.29
  212.72,   462.84,   454.24
  335.30,   209.98,   205.91
  338.17,   212.26,   330.86
  341.05,   214.53,   455.81
  333.61,   334.95,   203.68
  336.48,   337.23,   328.63
  339.36,   339.50,   453.57
  331.92,   459.92,   201.44
  334.80,   462.20,   326.39
  337.67,   464.47,   451.34
  460.25,   211.62,   203.01
  463.13,   213.89,   327.96
  466.00,   216.17,   452.90
  458.56,   336.59,   200.77
  461.44,   338.86,   325.72
  464.32,   341.14,   450.67
  456.88,   461.56,   198.54
  459.75,   463.83,   323.48
  462.63,   466.10,   448.43
  210.09,   211.31,   450.50
  208.63,   212.88,   575.48
  207.16,   214.44,   700.46
  211.39,   336.29,   448.95
  209.92,   337.86,   573.93
  208.46,   339.43,   698.91
  212.69,   461.28,   447.40
  211.22,   462.84,   572.38
  209.76,   464.41,   697.36
  335.07,   210.03,   451.98
  333.61,   211.60,   576.96
  332.14,   213.16,   701.94
  336.37,   335.01,   450.43
  334.91,   336.58,   575.41
  333.44,   338.15,   700.39
  337.67,   460.00,   448.88
  336.21,   461.56,   573.86
  334.74,   463.13,   698.84
  460.06,   208.75,   453.46
  458.59,   210.32,   578.44
  457.13,   211.88,   703.43
  461.36,   333.73,   451.91
  459.89,   335.30,   576.89
  458.43,   336.87,   701.87
  462.66,   458.72,   450.36
  461.19,   460.28,   575.34
  459.73,   461.85,   700.32
  211.99,   451.00,   211.63
  214.81,   452.65,   336.59
  217.63,   454.30,   461.54
  209.54,   575.97,   210.04
  212.36,   577.61,   334.99
  215.19,   579.26,   459.95
  207.09,   700.93,   208.45
  209.91,   702.58,   333.40
  212.74,   704.23,   458.36
  336.93,   453.41,   208.78
  339.76,   455.06,   333.73
  342.58,   456.71,   458.69
  334.49,   578.38,   207.18
  337.31,   580.03,   332.14
  340.13,   581.67,   457.10
  332.04,   703.34,   205.59
  334.86,   704.99,   330.55
  337.68,   706.64,   455.51
  461.88,   455.82,   205.92
  464.70,   457.47,   330.88
  467.52,   459.12,   455.84
  459.43,   580.79,   204.33
  462.25,   582.44,   329.29
  465.07,   584.09,   454.24
  456.98,   705.76,   202.74
  459.80,   707.40,   327.69
  462.62,   709.05,   452.65
  211.63,   448.73,   451.79
  210.08,   448.78,   576.78
  208.52,   448.83,   701.77
  208.63,   573.69,   451.70
  207.08,   573.75,   576.69
  205.52,   573.80,   701.68
  205.64,   698.66,   451.61
  204.08,   698.71,   576.60
  202.53,   698.76,   701.59
  336.58,   451.73,   453.34
  335.03,   451.78,   578.33
  333.48,   451.83,   703.32
  333.59,   576.69,   453.25
  332.03,   576.74,   578.24
  330.48,   576.79,   703.23
  330.59,   701.66,   453.16
  329.04,   701.71,   578.15
  327.48,   701.76,   703.15
  461.54,   454.72,   454.90
  459.98,   454.78,   579.89
  458.43,   454.83,   704.88
  458.54,   579.69,   454.81
  456.99,   579.74,   579.80
  455.43,   579.79,   704.79
  455.55,   704.65,   454.72
  453.99,   704.70,   579.71
  452.44,   704.76,   704.70
  448.48,   209.53,   210.66
  531.44,   291.23,   165.18
  614.39,   372.93,   119.70
  407.62,   295.89,   291.26
  490.58,   377.59,   245.78
  573.53,   459.29,   200.30
  366.76,   382.26,   371.87
  449.72,   463.95,   326.39
  532.67,   545.65,   280.90
  532.58,   170.90,   294.68
  615.54,   252.60,   249.20
  698.50,   334.30,   203.72
  491.72,   257.27,   375.28
  574.68,   338.97,   329.80
  657.64,   420.66,   284.32
  450.86,   343.63,   455.89
  533.82,   425.33,   410.41
  616.78,   507.03,   364.92
  616.69,   132.28,   378.70
  699.65,   213.98,   333.22
  782.60,   295.68,   287.74
  575.83,   218.64,   459.30
  658.79,   300.34,   413.82
  741.74,   382.04,   368.34
  534.97,   305.00,   539.91
  617.93,   386.70,   494.43
  700.88,   468.40,   448.94
  449.43,   208.55,   448.58
  532.49,   291.84,   406.30
  615.55,   375.14,   364.02
  404.96,   293.57,   528.70
  488.02,   376.86,   486.42
  571.08,   460.16,   444.14
  360.49,   378.59,   608.82
  443.55,   461.88,   566.54
  526.61,   545.18,   524.26
  531.58,   170.35,   534.71
  614.64,   253.65,   492.43
  697.70,   336.94,   450.14
  487.11,   255.37,   614.83
  570.17,   338.67,   572.55
  653.23,   421.96,   530.26
  442.63,   340.39,   694.95
  525.69,   423.68,   652.67
  608.76,   506.98,   610.38
  613.72,   132.16,   620.83
  696.78,   215.45,   578.55
  779.85,   298.75,   536.27
  569.25,   217.18,   700.96
  652.31,   300.47,   658.67
  735.37,   383.76,   616.39
  524.78,   302.19,   781.08
  607.84,   385.49,   738.79
  690.90,   468.78,   696.51
  449.30,   451.55,   208.28
  447.06,   448.42,   333.22
  444.81,   445.30,   458.16
  447.61,   576.50,   211.38
  445.37,   573.37,   336.32
  443.12,   570.25,   461.26
  445.92,   701.45,   214.47
  443.68,   698.32,   339.41
  441.43,   695.20,   464.35
  574.27,   453.18,   210.57
  572.02,   450.06,   335.51
  569.78,   446.93,   460.45
  572.58,   578.13,   213.66
  570.33,   575.01,   338.60
  568.09,   571.88,   463.54
  570.89,   703.08,   216.76
  568.64,   699.96,   341.70
  566.40,   696.83,   466.64
  699.24,   454.82,   212.85
  696.99,   451.69,   337.79
  694.75,   448.56,   462.73
  697.55,   579.77,   215.95
  695.30,   576.64,   340.89
  693.06,   573.51,   465.83
  695.86,   704.72,   219.05
  693.61,   701.59,   343.99
  691.37,   698.46,   468.93
  450.16,   450.75,   451.32
  453.17,   451.11,   576.28
  456.19,   451.47,   701.25
  447.08,   575.71,   451.03
  450.09,   576.07,   576.00
  453.10,   576.44,   700.96
  444.00,   700.67,   450.75
  447.01,   701.04,   575.71
  450.02,   701.40,   700.67
  575.09,   453.82,   448.30
  578.10,   454.19,   573.26
  581.11,   454.55,   698.22
  572.00,   578.79,   448.01
  575.02,   579.15,   572.97
  578.03,   579.51,   697.94
  568.92,   703.75,   447.72
  571.93,   704.11,   572.69
  574.95,   704.47,   697.65
  700.01,   456.90,   445.28
  703.02,   457.26,   570.24
  706.04,   457.62,   695.20
  696.93,   581.86,   444.99
  699.94,   582.22,   569.95
  702.96,   582.58,   694.92
  693.85,   706.82,   444.70
  696.86,   707.18,   569.67
  699.87,   707.55,   694.63
