27, 8, pa1-unknown-j-our-output.txt
  195.59,   201.83,   208.76
  400.52,   402.81,   190.98
  208.64,   209.64,   209.45
  207.88,   209.49,   334.45
  207.13,   209.34,   459.45
  205.11,   334.59,   209.58
  204.35,   334.44,   334.58
  203.60,   334.29,   459.57
  201.57,   459.54,   209.71
  200.82,   459.39,   334.71
  200.06,   459.24,   459.70
  333.59,   213.17,   210.21
  332.83,   213.02,   335.21
  332.08,   212.87,   460.20
  330.05,   338.12,   210.34
  329.30,   337.97,   335.34
  328.54,   337.82,   460.33
  326.52,   463.07,   210.47
  325.76,   462.92,   335.47
  325.01,   462.77,   460.46
  458.54,   216.71,   210.97
  457.78,   216.55,   335.97
  457.02,   216.40,   460.96
  455.00,   341.66,   211.10
  454.25,   341.50,   336.10
  453.49,   341.35,   461.09
  451.47,   466.61,   211.23
  450.71,   466.45,   336.23
  449.96,   466.30,   461.22
  209.36,   209.18,   450.05
  210.30,   212.69,   575.00
  211.24,   216.20,   699.94
  208.32,   334.13,   446.55
  209.26,   337.64,   571.50
  210.20,   341.15,   696.44
  207.29,   459.07,   443.05
  208.23,   462.58,   567.99
  209.16,   466.09,   692.94
  334.35,   210.19,   449.08
  335.29,   213.70,   574.03
  336.23,   217.21,   698.98
  333.32,   335.14,   445.58
  334.25,   338.65,   570.53
  335.19,   342.15,   695.48
  332.28,   460.08,   442.08
  333.22,   463.59,   567.03
  334.16,   467.10,   691.97
  459.34,   211.20,   448.12
  460.28,   214.71,   573.06
  461.22,   218.22,   698.01
  458.31,   336.15,   444.61
  459.25,   339.66,   569.56
  460.18,   343.16,   694.51
  457.27,   461.09,   441.11
  458.21,   464.60,   566.06
  459.15,   468.11,   691.01
  210.71,   448.20,   209.69
  213.19,   450.01,   334.65
  215.68,   451.82,   459.61
  214.21,   573.14,   207.81
  216.69,   574.95,   332.77
  219.18,   576.76,   457.73
  217.71,   698.07,   205.93
  220.19,   699.89,   330.89
  222.67,   701.70,   455.85
  335.64,   444.67,   207.26
  338.12,   446.48,   332.22
  340.60,   448.29,   457.18
  339.13,   569.60,   205.38
  341.62,   571.41,   330.34
  344.10,   573.23,   455.30
  342.63,   694.54,   203.50
  345.12,   696.35,   328.46
  347.60,   698.16,   453.42
  460.56,   441.13,   204.83
  463.05,   442.94,   329.79
  465.53,   444.75,   454.75
  464.06,   566.07,   202.95
  466.54,   567.88,   327.91
  469.03,   569.69,   452.87
  467.56,   691.00,   201.06
  470.04,   692.82,   326.03
  472.53,   694.63,   450.99
  210.48,   449.08,   448.55
  207.73,   449.78,   573.52
  204.99,   450.48,   698.49
  210.94,   574.08,   447.86
  208.20,   574.78,   572.83
  205.45,   575.48,   697.79
  211.41,   699.07,   447.17
  208.66,   699.78,   572.14
  205.91,   700.48,   697.10
  335.45,   448.63,   451.30
  332.70,   449.33,   576.27
  329.96,   450.03,   701.23
  335.91,   573.63,   450.61
  333.17,   574.33,   575.58
  330.42,   575.03,   700.54
  336.37,   698.63,   449.92
  333.63,   699.33,   574.88
  330.88,   700.03,   699.85
  460.42,   448.19,   454.05
  457.67,   448.89,   579.01
  454.93,   449.59,   703.98
  460.88,   573.18,   453.36
  458.14,   573.88,   578.32
  455.39,   574.58,   703.29
  461.34,   698.18,   452.66
  458.60,   698.88,   577.63
  455.85,   699.58,   702.60
  449.89,   208.94,   211.56
  448.43,   205.67,   336.51
  446.97,   202.40,   461.46
  447.16,   333.87,   214.80
  445.70,   330.60,   339.75
  444.24,   327.32,   464.70
  444.44,   458.80,   218.04
  442.98,   455.52,   342.99
  441.52,   452.25,   467.94
  574.85,   211.63,   213.09
  573.39,   208.35,   338.04
  571.93,   205.08,   462.99
  572.13,   336.56,   216.33
  570.67,   333.28,   341.28
  569.21,   330.01,   466.23
  569.40,   461.48,   219.57
  567.94,   458.21,   344.52
  566.48,   454.94,   469.47
  699.81,   214.31,   214.62
  698.35,   211.04,   339.57
  696.89,   207.77,   464.52
  697.09,   339.24,   217.86
  695.63,   335.97,   342.81
  694.17,   332.70,   467.76
  694.36,   464.17,   221.10
  692.90,   460.90,   346.05
  691.44,   457.63,   471.00
  451.76,   210.46,   448.64
  424.96,   328.83,   478.55
  398.16,   447.21,   508.46
  484.50,   187.93,   567.15
  457.70,   306.30,   597.06
  430.90,   424.68,   626.97
  517.24,   165.40,   685.67
  490.43,   283.77,   715.58
  463.63,   402.14,   745.48
  569.38,   243.70,   422.47
  542.58,   362.08,   452.38
  515.78,   480.45,   482.28
  602.12,   221.17,   540.98
  575.32,   339.55,   570.89
  548.52,   457.92,   600.80
  634.86,   198.64,   659.50
  608.06,   317.01,   689.40
  581.25,   435.39,   719.31
  687.00,   276.95,   396.30
  660.20,   395.32,   426.21
  633.40,   513.69,   456.11
  719.74,   254.42,   514.81
  692.94,   372.79,   544.72
  666.14,   491.16,   574.63
  752.48,   231.89,   633.33
  725.68,   350.26,   663.23
  698.88,   468.63,   693.14
  448.21,   451.84,   210.15
  445.34,   450.61,   335.11
  442.47,   449.38,   460.07
  449.03,   576.83,   211.40
  446.16,   575.60,   336.36
  443.29,   574.37,   461.32
  449.85,   701.82,   212.65
  446.98,   700.59,   337.61
  444.11,   699.36,   462.57
  573.17,   450.99,   213.01
  570.30,   449.76,   337.97
  567.43,   448.53,   462.93
  573.99,   575.98,   214.26
  571.12,   574.75,   339.22
  568.25,   573.52,   464.18
  574.81,   700.97,   215.51
  571.94,   699.74,   340.47
  569.07,   698.51,   465.43
  698.14,   450.14,   215.87
  695.27,   448.91,   340.84
  692.40,   447.68,   465.80
  698.96,   575.14,   217.12
  696.09,   573.90,   342.09
  693.22,   572.67,   467.05
  699.78,   700.13,   218.37
  696.91,   698.90,   343.34
  694.04,   697.66,   468.30
  449.03,   450.22,   448.72
  445.94,   448.31,   573.67
  442.85,   446.40,   698.61
  445.87,   575.17,   450.55
  442.78,   573.26,   575.50
  439.69,   571.35,   700.45
  442.72,   700.11,   452.38
  439.63,   698.20,   577.33
  436.54,   696.29,   702.28
  573.95,   453.33,   451.86
  570.86,   451.42,   576.81
  567.77,   449.51,   701.75
  570.80,   578.28,   453.69
  567.70,   576.37,   578.64
  564.61,   574.46,   703.58
  567.64,   703.22,   455.52
  564.55,   701.31,   580.47
  561.46,   699.40,   705.41
  698.87,   456.44,   455.00
  695.78,   454.53,   579.94
  692.69,   452.62,   704.89
  695.72,   581.39,   456.83
  692.63,   579.48,   581.77
  689.54,   577.57,   706.72
  692.56,   706.33,   458.66
  689.47,   704.42,   583.61
  686.38,   702.51,   708.55
