20 PA3-G-Unknown-Output.txt
    24.51    20.68    15.95    24.62    20.77    15.99    0.148
     4.66   -10.04    18.22     4.56    -9.47    18.04    0.604
    27.84    -5.10   -28.24    27.23    -3.90   -26.78    1.985
    25.49   -11.96    -1.41    25.41   -11.28    -1.75    0.769
   -38.13   -21.51   -21.26   -39.32   -22.32   -21.09    1.450
     9.90   -17.10    -6.47    10.09   -16.32    -6.49    0.806
   -28.81     5.14   -39.05   -28.99     5.81   -39.54    0.860
   -27.33    -6.09   -11.05   -27.65    -4.86    -9.19    2.253
    -4.86     6.94    60.11    -6.92     7.35    60.27    2.105
     3.53    18.29    51.20     3.27    19.20    51.35    0.962
   -28.51     3.21   -42.18   -28.51     3.21   -42.18    0.002
   -16.03   -11.68   -51.03   -16.58   -11.44   -48.64    2.459
    27.27    13.27   -30.33    26.82    12.52   -29.15    1.471
    -4.95     1.21    55.55    -6.22     0.76    55.56    1.344
     0.79    -6.19    46.47     0.62    -6.57    46.49    0.420
    -5.64     5.47    58.00    -7.09     5.47    58.04    1.449
    29.23    21.48   -15.33    29.23    21.49   -15.33    0.015
    15.55     5.09    61.13    15.59     4.97    63.10    1.968
     0.69    16.57    54.66    -0.10    17.57    54.88    1.300
    29.41    -7.84     9.33    29.22    -6.87     9.07    1.022
