20 PA3-H-Unknown-Output.txt
    -4.09    -9.35    10.76    -4.35   -10.07    10.86    0.775
   -40.90   -17.21   -33.65   -39.98   -17.46   -33.67    0.963
     1.94   -15.93   -23.72     2.49   -16.25   -23.97    0.678
    34.69    15.22    -4.85    34.86    15.39    -4.84    0.242
     8.06     7.41    62.50     8.09     7.36    63.01    0.512
    -1.82    25.14    18.05    -1.98    23.65    18.42    1.543
   -26.80    -6.64    -7.37   -26.68    -6.70    -7.57    0.245
    20.93    15.22    40.58    21.54    15.60    40.65    0.729
    -6.00    -1.74    62.25    -5.61    -1.52    62.06    0.481
    -2.64    -1.60   -28.58    -2.41    -1.48   -28.73    0.302
   -45.02   -13.18   -26.61   -43.80   -13.41   -25.89    1.435
   -29.83   -30.60   -30.50   -29.83   -30.61   -30.50    0.017
    21.50   -10.61    -1.52    22.12   -11.65    -0.84    1.384
    21.31    21.94   -26.94    21.08    21.70   -26.68    0.426
    15.20    -2.96    43.07    15.98    -5.26    43.21    2.434
    15.80    -4.81   -22.56    15.81    -4.82   -22.42    0.139
   -40.03    -6.70   -13.65   -39.79    -6.76   -13.81    0.297
     4.09    15.04    62.27     4.11    15.01    63.15    0.886
   -21.53   -11.43   -50.25   -21.59   -11.38   -49.60    0.655
   -32.51     4.30   -14.93   -32.61     4.42   -14.82    0.182
