15 PA3-D-Debug-Output.txt
    -8.09    -0.77    62.12    -5.68    -0.71    62.20    2.410
     2.20    14.48    -4.81     2.68    13.98    -4.52    0.755
    -6.50    -2.87   -41.58    -6.58    -2.93   -41.48    0.135
    11.50    25.99    -1.65    11.42    26.11    -1.68    0.146
    36.41     6.47   -10.14    38.12     6.97   -10.83    1.917
    -4.47    11.74    61.92    -4.47    11.74    61.92    0.006
   -34.89    -1.75   -44.08   -34.31    -2.16   -43.03    1.269
    22.75    -1.15    26.59    24.07    -2.52    27.02    1.947
   -11.90     6.23    28.95    -9.62     7.19    28.17    2.600
    -4.82   -19.99   -11.27    -4.72   -20.19   -11.14    0.259
   -33.81   -29.05   -20.42   -33.26   -28.19   -20.60    1.030
   -36.87     4.81   -30.31   -36.97     4.92   -30.36    0.160
   -18.86   -28.64   -42.91   -19.12   -27.01   -41.54    2.145
     0.30    23.41    13.82     0.41    23.20    13.95    0.274
    29.06    -5.48   -25.59    29.06    -5.45   -25.57    0.040
