15 PA3-B-Debug-Output.txt
    24.98    -6.56    14.11    24.74    -5.86    13.99    0.756
     4.89    -8.93    35.99     4.73    -7.18    35.88    1.752
     2.01    -5.32   -27.64     1.22    -5.81   -27.02    1.114
   -31.65   -22.64   -47.54   -30.32   -20.68   -44.76    3.651
   -21.12   -27.13   -12.59   -21.16   -27.63   -12.16    0.656
   -25.18   -33.17   -21.19   -24.98   -32.06   -21.56    1.187
    20.81    23.12   -18.98    21.18    24.86   -19.31    1.813
   -40.91   -15.47   -35.57   -39.85   -15.38   -35.48    1.066
   -17.24   -19.19    -8.72   -16.73   -20.11    -7.31    1.768
    33.52     9.25   -22.23    33.83     9.34   -22.38    0.354
    13.54    23.65   -11.55    13.30    24.05   -11.69    0.487
     7.60    23.84     4.60     6.94    24.67     4.36    1.088
    -9.54   -30.71   -27.81   -10.03   -29.78   -27.64    1.066
     9.50     7.03    60.10     9.50     6.83    62.89    2.802
    -7.44     9.21    43.44    -7.03     9.21    43.43    0.410
