15 PA3-A-Debug-Output.txt
     2.13    -7.15    55.01     2.13    -7.16    55.01    0.007
    -6.68   -24.91   -17.06    -6.68   -24.91   -17.06    0.001
   -28.77   -31.04   -22.31   -28.77   -31.04   -22.31    0.001
   -29.66   -30.47   -21.75   -29.66   -30.47   -21.75    0.000
    12.06     0.37    63.09    12.06     0.37    63.09    0.002
    36.41     7.15   -17.20    36.40     7.15   -17.20    0.004
    -2.63     0.36   -27.83    -2.64     0.35   -27.82    0.006
    -3.11   -10.21    13.38    -3.11   -10.22    13.38    0.002
    31.31    10.51   -26.14    31.31    10.51   -26.14    0.001
    -7.65    -7.25    14.89    -7.65    -7.24    14.89    0.001
   -31.38   -23.86   -11.56   -31.38   -23.86   -11.56    0.002
    11.56   -15.41   -13.33    11.56   -15.40   -13.33    0.005
    37.89    11.36     6.44    37.89    11.36     6.44    0.000
   -15.76   -15.92   -47.70   -15.76   -15.92   -47.70    0.001
    23.17   -12.57   -20.73    23.17   -12.56   -20.73    0.005
